0.0 0.0 0.0
0.0 0.0 0.0
0.0 0.0 0.0
0.0 0.0 0.0
0.0 0.0 0.0
0.0 0.0 0.0
0.0 0.0 0.0
0.0 0.0 0.0
0.0 0.0 0.0
0.0 0.0 0.0
0.0 0.0 0.0
0.0 0.0 0.0
0.0 0.0 0.0
0.0 0.0 0.0
0.0 0.0 0.0
0.0 0.0 0.0
0.0 0.0 0.0
0.0 0.0 0.0
0.0 0.0 0.0
0.0 0.0 0.0
0.0 0.0 0.0
0.0 0.0 0.0
0.0 0.0 0.0
0.0 0.0 0.0
0.0 0.0 0.0
0.0 0.0 0.0
0.0 0.0 0.0
0.0 0.0 0.0
0.0 0.0 0.0
0.0 0.0 0.0
0.0 0.0 0.0
0.0 0.0 0.0
0.0 0.0 0.0
0.0 0.0 0.0
0.0 0.0 0.0
0.0 0.0 0.0
0.0 0.0 0.0
0.0 0.0 0.0
0.0 0.0 0.0
0.0 0.0 0.0
0.0 0.0 0.0
0.0 0.0 0.0
0.0 0.0 0.0
0.0 0.0 0.0
0.0 0.0 0.0
0.0 0.0 0.0
0.0 0.0 0.0
0.0 0.0 0.0
0.0 0.0 0.0
0.0 0.0 0.0
0.0 0.0 0.0
0.0 0.0 0.0
0.0 0.0 0.0
0.0 0.0 0.0
0.0 0.0 0.0
0.0 0.0 0.0
0.0 0.0 0.0
0.0 0.0 0.0
0.0 0.0 0.0
0.0 0.0 0.0
0.0 0.0 0.0
0.0 0.0 0.0
0.0 0.0 0.0
0.0 0.0 0.0
0.0 0.0 0.0
0.0 0.0 0.0
0.0 0.0 0.0
0.0 0.0 0.0
0.0 0.0 0.0
0.0 0.0 0.0
0.0 0.0 0.0
0.0 0.0 0.0
0.0 0.0 0.0
0.0 0.0 0.0
0.0 0.0 0.0
0.0 0.0 0.0
0.0 0.0 0.0
0.0 0.0 0.0
0.0 0.0 0.0
0.0 0.0 0.0
0.0 0.0 0.0
0.0 0.0 0.0
0.0 0.0 0.0
0.0 0.0 0.0
0.0 0.0 0.0
0.0 0.0 0.0
0.0 0.0 0.0
0.0 0.0 0.0
0.0 0.0 0.0
0.0 0.0 0.0
0.0 0.0 0.0
0.0 0.0 0.0
0.0 0.0 0.0
0.0 0.0 0.0
0.0 0.0 0.0
0.0 0.0 0.0
0.0 0.0 0.0
0.0 0.0 0.0
0.0 0.0 0.0
0.0 0.0 0.0
0.0 0.0 0.0
0.0 0.0 0.0
0.0 0.0 0.0
0.0 0.0 0.0
0.0 0.0 0.0
0.0 0.0 0.0
0.0 0.0 0.0
0.0 0.0 0.0
0.0 0.0 0.0
0.0 0.0 0.0
0.0 0.0 0.0
0.0 0.0 0.0
0.0 0.0 0.0
0.0 0.0 0.0
0.0 0.0 0.0
0.0 0.0 0.0
0.0 0.0 0.0
0.0 0.0 0.0
0.0 0.0 0.0
0.0 0.0 0.0
0.0 0.0 0.0
0.0 0.0 0.0
0.0 0.0 0.0
0.0 0.0 0.0
0.0 0.0 0.0
0.0 0.0 0.0
0.0 0.0 0.0
0.0 0.0 0.0
0.0 0.0 0.0
0.0 0.0 0.0
0.0 0.0 0.0
0.000213230220834 0.0 0.0
0.000255876264351 -7.44313879882e-09 0.0
0.000895566839165 -3.42384371142e-07 0.0
0.001961715605 -2.57532438966e-06 0.0
0.00255875407614 -5.28461762781e-06 0.0
0.0049895406816 -1.88608322854e-05 0.0
0.00793197718094 -4.762066285e-05 0.0
0.00882744555934 -6.09061783347e-05 0.0
0.0127077243663 -0.00012389469636 0.0
0.0171420196172 -0.000212908659922 0.0
0.0224277741251 -0.000370709547001 0.0
0.0277981589642 -0.000550740263323 0.0
0.034148029197 -0.000786908753594 0.0
0.0361079686408 -0.000870425294701 0.0
0.0428393714161 -0.00117021036777 0.0
0.0452248394816 -0.001283958023 0.0
0.0503789815686 -0.00153333253709 0.0
0.0529343992246 -0.00166412589394 0.0
0.0607277868387 -0.00207528795917 0.0
0.0691155455285 -0.00255157941428 0.0
0.0779712140031 -0.00306219404579 0.0
0.0869540611131 -0.00358958041437 0.0
0.0961064399117 -0.00413974429248 0.0
0.099256494696 -0.00433020261075 0.0
0.108919398471 -0.00491613287464 0.0
0.118837180783 -0.00552620541106 0.0
0.129095377519 -0.00615901504672 0.0
0.132500514521 -0.00637026496645 0.0
0.13931064063 -0.00679514201422 0.0
0.149866220998 -0.00745554374463 0.0
0.153356296137 -0.00767512066069 0.0
0.163911529272 -0.00834104918928 0.0
0.175062499385 -0.00904651667955 0.0
0.186085297079 -0.00975160183349 0.0
0.197575858044 -0.0104926492339 0.0
0.201576139932 -0.0107527380923 0.0
0.213534293523 -0.0115323248682 0.0
0.225790476327 -0.0123291928599 0.0
0.23830213806 -0.0131404785835 0.0
0.242558091954 -0.0134119694337 0.0
0.255496479099 -0.0142327853194 0.0
0.268733227492 -0.0150655709401 0.0
0.273075102995 -0.0153296101845 0.0
0.286569822903 -0.0161360715454 0.0
0.300195011818 -0.0169026089177 0.0
0.304922407139 -0.0171470519196 0.0
0.318722754886 -0.0178316593646 0.0
0.332782231552 -0.0184528850998 0.0
0.346887285879 -0.0190046086138 0.0
0.351618529423 -0.0191574269131 0.0
0.365941068928 -0.0195900159492 0.0
0.380478840936 -0.0199529280485 0.0
0.38525428536 -0.0200462888361 0.0
0.399581040909 -0.0203038671109 0.0
0.413823465727 -0.0205002555495 0.0
0.418684751936 -0.0205596503198 0.0
0.432714312341 -0.0207261643127 0.0
0.446871970069 -0.0208793708926 0.0
0.451520158858 -0.0209256143513 0.0
0.46537946121 -0.0210610773214 0.0
0.470027688583 -0.0211032644532 0.0
0.483588593389 -0.0212239756848 0.0
0.488194169109 -0.0212665796039 0.0
0.502224094503 -0.0213988124508 0.0
0.515742197852 -0.0215356596643 0.0
0.520475682655 -0.0215819254786 0.0
0.535145144059 -0.0217329887547 0.0
0.53979303925 -0.0218027581183 0.0
0.554205623914 -0.0220291690907 0.0
0.569556347659 -0.0222676376688 0.0
0.574843760539 -0.0223534681769 0.0
0.590322191251 -0.0226074315671 0.0
0.605885766732 -0.0228709433095 0.0
0.621960973659 -0.0231459241087 0.0
0.627248212012 -0.0232419055564 0.0
0.643493626522 -0.023539651659 0.0
0.659099254298 -0.023836570329 0.0
0.676111716749 -0.0241721373748 0.0
0.693635832207 -0.0245177966624 0.0
0.699690371843 -0.0246382782442 0.0
0.717000993982 -0.0249948389325 0.0
0.734907863076 -0.0253949487929 0.0
0.752259321544 -0.0258311303511 0.0
0.770121559993 -0.0263113485021 0.0
0.78823932476 -0.0268079297924 0.0
0.794292731409 -0.0269759594124 0.0
0.812623200923 -0.0274943793832 0.0
0.831038653203 -0.0280248529903 0.0
0.850092645204 -0.0286036764622 0.0
0.869614895624 -0.0292171878977 0.0
0.889093647303 -0.029856557871 0.0
0.89565729578 -0.0300811777586 0.0
0.915220260786 -0.0307540761011 0.0
0.934654410928 -0.0314497122771 0.0
0.954172676995 -0.0321790595967 0.0
0.973519318336 -0.0329324276209 0.0
0.992992585688 -0.0337213633454 0.0
0.999213537227 -0.0339799231623 0.0
1.0175353846 -0.0347446327291 0.0
1.0358143556 -0.0355139445128 0.0
1.04160904501 -0.0357588402689 0.0
1.05954688479 -0.0365200674457 0.0
1.07722894716 -0.0372735318927 0.0
1.09486813871 -0.0380313380481 0.0
1.11254953682 -0.0388002327165 0.0
1.13023052993 -0.0395783852375 0.0
1.13636557429 -0.0398494655583 0.0
1.15391834608 -0.040631183597 0.0
1.18510110715 -0.0420908164142 0.0
1.20375903023 -0.0429772291664 0.0
1.22232938364 -0.0439082145783 0.0
1.2286325774 -0.0442341385809 0.0
1.24720110922 -0.0452007747742 0.0
1.26559793231 -0.0461842305066 0.0
1.27194295439 -0.0465267539662 0.0
1.29131814264 -0.0475828598354 0.0
1.31060724031 -0.0486511567988 0.0
1.33006436127 -0.0497696401701 0.0
1.33649264577 -0.0501504247449 0.0
1.35556444472 -0.0512834983825 0.0
1.3748057248 -0.0524401219774 0.0
1.38127541495 -0.052842626005 0.0
1.40021545686 -0.0540342324397 0.0
1.41877100152 -0.0552244097261 0.0
1.42523983448 -0.0556404629483 0.0
1.44460399232 -0.0568825057586 0.0
1.46401306278 -0.0580900178413 0.0
1.47065364864 -0.0584926835733 0.0
1.49074694244 -0.059689964544 0.0
1.5105450655 -0.0608211167133 0.0
1.51710288381 -0.0611774233808 0.0
1.53741642045 -0.0622562317226 0.0
1.54423152459 -0.0625919305736 0.0
1.56442230097 -0.0635652952256 0.0
1.57136650522 -0.0638794152133 0.0
1.59168852499 -0.0647844625541 0.0
1.59859122464 -0.0650713576935 0.0
1.6188738146 -0.065900173819 0.0
1.6256068778 -0.0661600089 0.0
1.64576425662 -0.0669167612784 0.0
1.65237040691 -0.0671462987403 0.0
1.67248768314 -0.0678312329935 0.0
1.69264908617 -0.0684718752944 0.0
1.69938429919 -0.0686682421492 0.0
1.71950518666 -0.0692372984892 0.0
1.73984074577 -0.0697555974693 0.0
1.74666232945 -0.0699115920674 0.0
1.76687151028 -0.0703631446241 0.0
1.78750839183 -0.0707593929928 0.0
1.80848736149 -0.0711072693619 0.0
1.81530992377 -0.0712120646365 0.0
1.83582041377 -0.0715163662055 0.0
1.85616088024 -0.071779086816 0.0
1.8758624776 -0.0719647754946 0.0
1.89552193715 -0.0720848697929 0.0
1.91505376707 -0.0721325951516 0.0
1.93441506051 -0.0721123200451 0.0
1.95352030643 -0.0720289571547 0.0
1.95983171755 -0.0719782848098 0.0
1.97872322425 -0.0718167185646 0.0
1.9976999621 -0.0716477987593 0.0
2.00401130661 -0.0715894156109 0.0
2.02315849823 -0.0714056101202 0.0
2.04217765941 -0.0712130742931 0.0
2.06128220695 -0.0710296781688 0.0
2.08051484052 -0.0708618375183 0.0
2.10008868789 -0.0706978522017 0.0
2.10652804195 -0.0706472765932 0.0
2.12593141988 -0.0704982664184 0.0
2.1456760328 -0.0703569745197 0.0
2.165548629 -0.070221703959 0.0
2.18571980972 -0.0700949630248 0.0
2.20610428072 -0.069977555602 0.0
2.21305550874 -0.0699447984692 0.0
2.23339744594 -0.0698489386389 0.0
2.25399531931 -0.0697662530316 0.0
2.27450794159 -0.0696946501814 0.0
2.29467950082 -0.0696664853532 0.0
2.3149790166 -0.0696735712212 0.0
2.3216744439 -0.0696782455121 0.0
2.341675431 -0.0696956996704 0.0
2.36150583067 -0.069716466024 0.0
2.36803065306 -0.0697335480081 0.0
2.38769038241 -0.0697953110726 0.0
2.40816028875 -0.0698846284552 0.0
2.42820353386 -0.0700105655357 0.0
2.44781993704 -0.0701851792669 0.0
2.46764918657 -0.0703997607718 0.0
2.47447201489 -0.0704855034745 0.0
2.49408737742 -0.070752555047 0.0
2.51365880995 -0.0711010095148 0.0
2.52022476277 -0.0712431325988 0.0
2.53941054314 -0.0716785188622 0.0
2.55799723828 -0.0721879528447 0.0
2.56447579777 -0.0724051327564 0.0
2.58288663334 -0.0730770098527 0.0
2.60133422835 -0.0738953530426 0.0
2.60763742212 -0.0742212770452 0.0
2.62620406391 -0.0752235604571 0.0
2.63241789458 -0.0756177680864 0.0
2.65071580045 -0.07682669845 0.0
2.65705267008 -0.0772964971227 0.0
2.67473922043 -0.0786822469822 0.0
2.68098461883 -0.0792253535791 0.0
2.69801744886 -0.0807514862855 0.0
2.71529331531 -0.0824271364963 0.0
2.72038280628 -0.0829620635517 0.0
2.73675036251 -0.0847170295333 0.0
2.75221641669 -0.0864764295022 0.0
2.75717059463 -0.0870698105058 0.0
2.77215827035 -0.0888808644615 0.0
2.78667807263 -0.0906533833327 0.0
2.80111135807 -0.0924306822898 0.0
2.80585180734 -0.0930152559482 0.0
2.82003052434 -0.0947662321954 0.0
2.83446225329 -0.0965561258918 0.0
2.8392445115 -0.0971500924911 0.0
2.85354865493 -0.0989292325184 0.0
2.86772583851 -0.100692581362 0.0
2.87267748745 -0.101306709111 0.0
2.88702426205 -0.103088608909 0.0
2.9012425274 -0.104867148135 0.0
2.91567047596 -0.106687263626 0.0
2.92036654885 -0.10728301386 0.0
2.92815068484 -0.108273281033 0.0
2.92726231752 -0.108159951305 0.0
2.9276430633 -0.108208388286 0.0
2.92916601259 -0.108402402019 0.0
2.92874290559 -0.108349026198 0.0
2.9286159707 -0.108333035606 0.0
2.92853132165 -0.108322582016 0.0
2.9276427774 -0.108210647871 0.0
2.9276427774 -0.108210647871 0.0
2.92768508061 -0.108216044525 0.0
2.92768508061 -0.108216044525 0.0
2.92768508061 -0.108216044525 0.0
2.92768508061 -0.108216044525 0.0
2.92764278024 -0.108210625722 0.0
2.92764278024 -0.108210625722 0.0
2.92764278024 -0.108210625722 0.0
2.92764278024 -0.108210625722 0.0
2.92764278024 -0.108210625722 0.0
2.92764278024 -0.108210625722 0.0
2.92764278024 -0.108210625722 0.0
2.92764278024 -0.108210625722 0.0
2.92764278024 -0.108210625722 0.0
2.92764278024 -0.108210625722 0.0
2.92764278024 -0.108210625722 0.0
2.92764278024 -0.108210625722 0.0
2.92764278024 -0.108210625722 0.0
2.92764278024 -0.108210625722 0.0
2.92764278024 -0.108210625722 0.0
2.92764278024 -0.108210625722 0.0
2.92764278024 -0.108210625722 0.0
2.92764278024 -0.108210625722 0.0
2.92764278024 -0.108210625722 0.0
2.92764278024 -0.108210625722 0.0
2.92764278024 -0.108210625722 0.0
2.92764278024 -0.108210625722 0.0
2.92764278024 -0.108210625722 0.0
2.92764278024 -0.108210625722 0.0
2.92764278024 -0.108210625722 0.0
2.93944379142 -0.109728650937 0.0
2.94896094945 -0.110951203781 0.0
2.96190312044 -0.112622911395 0.0
2.97535821895 -0.114317914167 0.0
2.97980709221 -0.114826372419 0.0
2.99405017715 -0.116393791457 0.0
3.00814205214 -0.117765579992 0.0
3.02226178851 -0.11881237972 0.0
3.03623000657 -0.119554201808 0.0
3.04987066337 -0.119961429904 0.0
3.05439099836 -0.119997722259 0.0
3.06795238071 -0.120037959808 0.0
3.08138524299 -0.119906664929 0.0
3.08564853775 -0.119800983178 0.0
3.09766961416 -0.119450505627 0.0
3.10883340081 -0.118990411591 0.0
3.11207020515 -0.118823610138 0.0
3.12356832668 -0.118210957096 0.0
3.13285066835 -0.117691993628 0.0
3.13540546617 -0.11754960554 0.0
3.14298432821 -0.117120573579 0.0
3.15081755046 -0.116657938331 0.0
3.15852249537 -0.116193432339 0.0
3.16116170257 -0.116033398523 0.0
3.16886632133 -0.115563513578 0.0
3.17597431294 -0.115118807574 0.0
3.17848532574 -0.114958627973 0.0
3.18635875267 -0.11445499572 0.0
3.19401895373 -0.113958290175 0.0
3.19678478799 -0.113773613926 0.0
3.20452848639 -0.113247059326 0.0
3.21222842903 -0.112705925889 0.0
3.2149081192 -0.112511962826 0.0
3.22256418293 -0.11195511014 0.0
3.22537104566 -0.111746031607 0.0
3.22524346765 -0.111755624245 0.0
3.22537102872 -0.111745808956 0.0
3.22643393689 -0.11166271623 0.0
3.2267740063 -0.111635354895 0.0
3.2267740063 -0.111635354895 0.0
3.22673149643 -0.111638760224 0.0
3.2263063859 -0.111672665118 0.0
3.2263063859 -0.111672665118 0.0
3.2263063859 -0.111672665118 0.0
3.2263063859 -0.111672665118 0.0
3.2263063859 -0.111672665118 0.0
3.2263063859 -0.111672665118 0.0
3.2263063859 -0.111672665118 0.0
3.2263063859 -0.111672665118 0.0
3.2263063859 -0.111672665118 0.0
3.2263063859 -0.111672665118 0.0
3.2263063859 -0.111672665118 0.0
3.2263063859 -0.111672665118 0.0
3.2263063859 -0.111672665118 0.0
3.2263063859 -0.111672665118 0.0
3.2263063859 -0.111672665118 0.0
3.2263063859 -0.111672665118 0.0
3.2263063859 -0.111672665118 0.0
3.2263063859 -0.111672665118 0.0
3.2263063859 -0.111672665118 0.0
3.2263063859 -0.111672665118 0.0
3.2263063859 -0.111672665118 0.0
3.23000500149 -0.111379629092 0.0
3.23060016451 -0.111332266115 0.0
3.23383086921 -0.111072897293 0.0
3.23798929931 -0.110655631633 0.0
3.24153985018 -0.110179994707 0.0
3.24536651944 -0.10953413594 0.0
3.24917034387 -0.108765077523 0.0
3.25033139166 -0.108486120281 0.0
3.25392950075 -0.107581002409 0.0
3.2575391321 -0.106554133975 0.0
3.26127433201 -0.105353454087 0.0
3.26255993277 -0.104895672248 0.0
3.26255993277 -0.104895672248 0.0
3.26255993277 -0.104895672248 0.0
3.26777085572 -0.102655805633 0.0
3.27192641063 -0.100876449295 0.0
3.27348356129 -0.100179902141 0.0
3.27720002066 -0.0984626568261 0.0
3.28200676823 -0.0960608612063 0.0
3.28676332267 -0.0934707334844 0.0
3.29201137441 -0.0903645711937 0.0
3.29698847316 -0.0871447416137 0.0
3.29858910919 -0.0860105890957 0.0
3.30397337035 -0.082103000083 0.0
3.30964517673 -0.0777256515441 0.0
3.31532138722 -0.0730797270931 0.0
3.32118277559 -0.0681229617101 0.0
3.32680237923 -0.0632120264024 0.0
3.3287024156 -0.061498221252 0.0
3.3342862964 -0.0564190618621 0.0
3.33991224188 -0.0511965974806 0.0
3.34562110279 -0.0458130754667 0.0
3.3513720317 -0.040349922006 0.0
3.35716935587 -0.0348118142041 0.0
3.3632113589 -0.0290359328316 0.0
3.36947436578 -0.0230592332095 0.0
3.37574258593 -0.0170880013672 0.0
3.38236363262 -0.0108070585397 0.0
3.389220471 -0.0043409804687 0.0
3.3915535711 -0.00215311678802 0.0
3.39886873556 0.004697084133 0.0
3.40667748297 0.0119559601878 0.0
3.41463430045 0.0193060174923 0.0
3.42276864581 0.0267780747506 0.0
3.4311717007 0.0344618830121 0.0
3.43385790326 0.036895874702 0.0
3.4422431219 0.0444725011507 0.0
3.45638005838 0.0571969889166 0.0
3.46492265131 0.0648537491558 0.0
3.47371929904 0.0727382197367 0.0
3.4766427568 0.0753548483454 0.0
3.48528197141 0.0830954922532 0.0
3.49425649601 0.09116485269 0.0
3.49720340618 0.0938191939888 0.0
3.5060385753 0.101788387938 0.0
3.51488724255 0.109806242917 0.0
3.51788376488 0.112532868447 0.0
3.52667708648 0.120548213783 0.0
3.53542493818 0.128550110344 0.0
3.53831435815 0.131204277401 0.0
3.54732086323 0.139491987446 0.0
3.55022948477 0.142188230766 0.0
3.55888718975 0.150225023176 0.0
3.56794239695 0.158648480776 0.0
3.57090393734 0.161413062371 0.0
3.57984653244 0.169769692352 0.0
3.58890192349 0.178255443023 0.0
3.59182416054 0.180999606277 0.0
3.60102308161 0.189644012763 0.0
3.61011980472 0.198210337782 0.0
3.6131598932 0.201078179059 0.0
3.62243221035 0.209831258505 0.0
3.62549876559 0.21273318398 0.0
3.6346319518 0.22138511896 0.0
3.64375456087 0.230048205772 0.0
3.64678059819 0.23293086942 0.0
3.65575860313 0.241498453607 0.0
3.66459991521 0.249962168651 0.0
3.66758459679 0.252826376007 0.0
3.67616796461 0.26106616135 0.0
3.68440186073 0.268992585015 0.0
3.6871599969 0.271661673631 0.0
3.69536756277 0.279615358297 0.0
3.70344989225 0.287453152995 0.0
3.71099134394 0.294746029859 0.0
3.71344302054 0.297118553073 0.0
3.72116319262 0.304594696501 0.0
3.72850080896 0.311730216605 0.0
3.73530709542 0.318372193356 0.0
3.74201952978 0.324927159641 0.0
3.74840611624 0.33114435326 0.0
3.75477401219 0.337319585446 0.0
3.76129608616 0.343642122493 0.0
3.76737013154 0.349507759939 0.0
3.77357419129 0.355484319885 0.0
3.77966050831 0.361337223025 0.0
3.78568736942 0.367128902513 0.0
3.79168850736 0.372885797827 0.0
3.79366008915 0.374773176792 0.0
3.79932933376 0.380198401927 0.0
3.8049976314 0.38562461645 0.0
3.81054548381 0.390929965666 0.0
3.81585207092 0.395993967316 0.0
3.82109782701 0.400998169745 0.0
3.82288815142 0.402704861031 0.0
3.82764177139 0.407236420652 0.0
3.83239460038 0.411768809867 0.0
3.8369599729 0.41612700351 0.0
3.84127352858 0.4202548922 0.0
3.84576894451 0.424562829847 0.0
3.84998018407 0.428612565858 0.0
3.85372529995 0.432224132803 0.0
3.85736538673 0.435760256061 0.0
3.86058906856 0.438929265537 0.0
3.86358120987 0.441907859652 0.0
3.86471807639 0.443062725774 0.0
3.86737222691 0.445775895433 0.0
3.87027016971 0.448787303577 0.0
3.87267289799 0.451328117489 0.0
3.87515820682 0.454025196443 0.0
3.87732734595 0.45643342411 0.0
3.87803100745 0.457234385195 0.0
3.88015992032 0.459678245878 0.0
3.88194468618 0.461799225678 0.0
3.88379051672 0.464090877768 0.0
3.88567795712 0.466512784499 0.0
3.88757848873 0.469032129476 0.0
3.8894008781 0.471556148053 0.0
3.89239679014 0.475861888136 0.0
3.89398722593 0.478286782741 0.0
3.89633050198 0.482002087218 0.0
3.8975569201 0.484100850291 0.0
3.89872310742 0.486184933676 0.0
3.89908206699 0.486863462964 0.0
3.90014577809 0.488905962513 0.0
3.90122850784 0.49108233659 0.0
3.90154016405 0.491736913088 0.0
3.90256478255 0.49394124173 0.0
3.90349410152 0.496048289892 0.0
3.90448154349 0.498408845899 0.0
3.90479358595 0.499202636513 0.0
3.90571514896 0.501589682365 0.0
3.90666049808 0.504195495006 0.0
3.90695850798 0.50508512059 0.0
3.90791295405 0.508003527035 0.0
3.90822288651 0.509023634894 0.0
3.90913129633 0.512090375051 0.0
3.9094630716 0.513325988967 0.0
3.91032535716 0.516626905225 0.0
3.91117592913 0.52019447053 0.0
3.91199984686 0.524074028088 0.0
3.91224825001 0.525372508832 0.0
3.91300986919 0.529481838189 0.0
3.91371904523 0.533643809097 0.0
3.91394584887 0.535119088507 0.0
3.91455926173 0.539253139328 0.0
3.91513663505 0.543650586078 0.0
3.91530203294 0.545091087203 0.0
3.91583669448 0.549880338383 0.0
3.91636629154 0.554970386727 0.0
3.91686297525 0.560492078787 0.0
3.91700037545 0.562192377972 0.0
3.91751794023 0.568739443126 0.0
3.91800790605 0.575459680317 0.0
3.91816940039 0.577970608901 0.0
3.91869545713 0.586355393555 0.0
3.91920231566 0.595040408975 0.0
3.91936515465 0.598106603185 0.0
3.91985458523 0.607604068542 0.0
3.92032073244 0.617273490987 0.0
3.92046511255 0.620554060791 0.0
3.92091540316 0.631035319535 0.0
3.9213490406 0.642072129429 0.0
3.92176049633 0.654475305462 0.0
3.921884659 0.658610107945 0.0
3.9222637216 0.671611626756 0.0
3.92265193377 0.685338164392 0.0
3.92303626785 0.699918046743 0.0
3.92340600724 0.715266169741 0.0
3.92378253516 0.731126029238 0.0
3.92415584998 0.747327225553 0.0
3.92452834711 0.76374172653 0.0
3.92465996755 0.769497437754 0.0
3.9250499833 0.786423424431 0.0
3.9254464979 0.80403177677 0.0
3.9255767425 0.810000802149 0.0
3.92597119757 0.828078421868 0.0
3.9263889106 0.847221938975 0.0
3.92678432266 0.866749824346 0.0
3.92717610454 0.886789635768 0.0
3.92756712199 0.907725192218 0.0
3.9276857303 0.914803441876 0.0
3.92803414289 0.936038313761 0.0
3.92837643877 0.95782775389 0.0
3.92869904206 0.979318938994 0.0
3.92900303255 1.00136484807 0.0
3.92929818134 1.02332557753 0.0
3.92939847461 1.03078796132 0.0
3.92969997244 1.05351630323 0.0
3.92999582876 1.07611677023 0.0
3.9302801345 1.09905858044 0.0
3.93056304117 1.12221365422 0.0
3.9308449879 1.14562463474 0.0
3.93093897014 1.15342829491 0.0
3.93122343983 1.17671129727 0.0
3.93151311959 1.20042072826 0.0
3.93161363646 1.20830960608 0.0
3.93191786607 1.23154970895 0.0
3.93226392211 1.25487452814 0.0
3.93238985437 1.26254978303 0.0
3.93277354511 1.28544749428 0.0
3.93317646601 1.30830222255 0.0
3.93331689514 1.31589191937 0.0
3.93374916609 1.33840488106 0.0
3.93419206317 1.36066170986 0.0
3.93461752359 1.38262030122 0.0
3.93475915782 1.38999670723 0.0
3.93518296596 1.41187002251 0.0
3.93561690904 1.43348721186 0.0
3.93576494278 1.44073552786 0.0
3.93619118272 1.46196898012 0.0
3.93661251245 1.48371438128 0.0
3.93674841582 1.49079231999 0.0
3.9371734952 1.51215375913 0.0
3.93758876421 1.5326623025 0.0
3.93797539749 1.5531714057 0.0
3.93809154897 1.55969521655 0.0
3.93844878551 1.57956506204 0.0
3.93881090333 1.59913624654 0.0
3.93892933205 1.60566001644 0.0
3.93927610373 1.62476229694 0.0
3.93939680967 1.63128602511 0.0
3.93975781735 1.65026008074 0.0
3.93988363516 1.65652778653 0.0
3.94026591053 1.67524549668 0.0
3.94065816408 1.69366441147 0.0
3.94106907994 1.71191229235 0.0
3.9412087669 1.71775313029 0.0
3.9416484272 1.7358723657 0.0
3.94208690164 1.75343706385 0.0
3.94249270756 1.77040533758 0.0
3.94286709459 1.78677713839 0.0
3.9432481516 1.80383129944 0.0
3.94360825048 1.81994748162 0.0
3.94396648174 1.83610636198 0.0
3.94408746734 1.84152105811 0.0
3.94444845885 1.85755190673 0.0
3.94480644311 1.87332688169 0.0
3.94492051416 1.87831516475 0.0
3.94527930174 1.8940048072 0.0
3.94562761075 1.90935343149 0.0
3.94598347342 1.92491516925 0.0
3.94635696483 1.94064712665 0.0
3.94673847595 1.95603762073 0.0
3.94687578618 1.96128128667 0.0
3.94728684421 1.97667101994 0.0
3.94770981462 1.99210309252 0.0
3.9481465191 2.00744945612 0.0
3.94860476898 2.02270986117 0.0
3.94907891167 2.03814044627 0.0
3.94923381484 2.04304229442 0.0
3.94970921747 2.0580035047 0.0
3.95017002082 2.07266650502 0.0
3.95064653797 2.08749967628 0.0
3.95111403904 2.1023758016 0.0
3.95157114125 2.11742291385 0.0
3.9517170644 2.12228237244 0.0
3.9521446539 2.13660506208 0.0
3.95257353235 2.15114103757 0.0
3.95271356238 2.15591534142 0.0
3.95313237917 2.17011029695 0.0
3.95355245367 2.18434787998 0.0
3.95369961885 2.18916463535 0.0
3.9541463238 2.20378540605 0.0
3.9545917264 2.21836355061 0.0
3.95474662957 2.22326539875 0.0
3.95519576068 2.23724608891 0.0
3.95561979704 2.25037422415 0.0
3.9560438334 2.26350235939 0.0
3.95618046695 2.26785010948 0.0
3.95654929024 2.27978530449 0.0
3.95689925547 2.29193438759 0.0
3.95699240329 2.29551544406 0.0
3.95726461488 2.30634411839 0.0
3.95734153994 2.30958430473 0.0
3.95758587591 2.32002972823 0.0
3.95765844076 2.32335532809 0.0
3.95783913163 2.33183996708 0.0
3.95789673061 2.33486728831 0.0
3.95803873759 2.34254226262 0.0
3.95815466737 2.35008972215 0.0
3.95817675063 2.35192336907 0.0
3.95824530808 2.35836255679 0.0
3.95828235976 2.36394906571 0.0
3.95829007082 2.3655269505 0.0
3.95830905076 2.3698768056 0.0
3.95831717866 2.3737575871 0.0
3.95831868962 2.37499432146 0.0
3.9583225005 2.37772366563 0.0
3.9583251056 2.38070888758 0.0
3.95832454737 2.381348578 0.0
3.95832249306 2.38331029496 0.0
3.95832034944 2.38484555105 0.0
3.95831534766 2.38663667792 0.0
3.95830992163 2.38778810833 0.0
3.95829898031 2.38928067977 0.0
3.95829013839 2.38974970292 0.0
3.95826576423 2.39081557537 0.0
3.95822054854 2.39213682929 0.0
3.9581616435 2.39337216096 0.0
3.95807695456 2.39477692993 0.0
3.95799158024 2.39596796323 0.0
3.95795418932 2.39639278134 0.0
3.95782000317 2.39783652441 0.0
3.9576495906 2.39940519882 0.0
3.95757331394 2.39999735096 0.0
3.95733363654 2.40177237637 0.0
3.95706054526 2.40354256892 0.0
3.95674179754 2.40534843398 0.0
3.95639573796 2.40710581932 0.0
3.95601081293 2.40885510295 0.0
3.95584574074 2.40951717134 0.0
3.95545226518 2.4110452279 0.0
3.95493038439 2.41289197578 0.0
3.95438048256 2.4146413633 0.0
3.95368979273 2.4166587032 0.0
3.95292006722 2.41873842604 0.0
3.95255501312 2.41964882152 0.0
3.95148789013 2.42225332545 0.0
3.95032829712 2.42491132166 0.0
3.94991252737 2.42579970217 0.0
3.94859112023 2.42857133466 0.0
3.94720286851 2.43131009727 0.0
3.94665344731 2.43232200525 0.0
3.94493956638 2.43541902538 0.0
3.9430643115 2.43862043859 0.0
3.9424790379 2.43956218481 0.0
3.94025032296 2.44304712923 0.0
3.9379621608 2.44644202476 0.0
3.93539230861 2.4500568218 0.0
3.93449299264 2.45124809003 0.0
3.9312752602 2.4554445528 0.0
3.92786299567 2.45970527893 0.0
3.92665785613 2.4611435463 0.0
3.9229602096 2.46550057733 0.0
3.91875141063 2.47026110659 0.0
3.91730892853 2.47183144353 0.0
3.91256460173 2.47691199539 0.0
3.91093584705 2.47859979886 0.0
3.90566585024 2.48400393789 0.0
3.90373254515 2.48593050622 0.0
3.89828411261 2.49127719413 0.0
3.89235062345 2.49691968589 0.0
3.89022492196 2.4988922459 0.0
3.88373311564 2.50487432646 0.0
3.88147908479 2.50689604267 0.0
3.87434777308 2.51325204267 0.0
3.87187967849 2.51541802812 0.0
3.86458247256 2.5217793023 0.0
3.86203020773 2.52397847438 0.0
3.85401080941 2.53087381033 0.0
3.85134812412 2.53314073459 0.0
3.84301315785 2.5401918113 0.0
3.84010563775 2.54263151034 0.0
3.83124333308 2.55004943506 0.0
3.82815812577 2.5526090048 0.0
3.81895087137 2.56021238411 0.0
3.8158500862 2.56275305976 0.0
3.80640499829 2.57047002026 0.0
3.80319111371 2.57307443072 0.0
3.79353719887 2.58087250739 0.0
3.79034299471 2.58343337863 0.0
3.78034994251 2.59142215609 0.0
3.77022465151 2.5994502406 0.0
3.76676753295 2.6021599936 0.0
3.75655284158 2.61014345656 0.0
3.74623737755 2.61813630325 0.0
3.74281883355 2.62075660161 0.0
3.73234893672 2.62875854704 0.0
3.7218185932 2.63675151282 0.0
3.71830916909 2.63939317374 0.0
3.70756519453 2.64745704614 0.0
3.70404061383 2.65007845053 0.0
3.69294495423 2.6583128068 0.0
3.68920587939 2.66107453032 0.0
3.67811730463 2.66924674581 0.0
3.66668759101 2.67760284484 0.0
3.65529203976 2.68586094493 0.0
3.65148298109 2.68859903945 0.0
3.64001255553 2.69682620748 0.0
3.62840781877 2.70508546399 0.0
3.624543982 2.7078202006 0.0
3.61326018569 2.7157947994 0.0
3.60198629585 2.72370940639 0.0
3.59827881513 2.72629578076 0.0
3.58746589815 2.73382775903 0.0
3.57656978037 2.74138948219 0.0
3.56593726024 2.74873258607 0.0
3.55531561897 2.7560162727 0.0
3.54516942955 2.76293753385 0.0
3.53580472289 2.76926362498 0.0
3.52631617185 2.77563486008 0.0
3.51712269161 2.78175688059 0.0
3.50808683182 2.78773078422 0.0
3.49935808864 2.79347322401 0.0
3.49650625156 2.79534581841 0.0
3.4884498118 2.80063589758 0.0
3.48032114476 2.80597137297 0.0
3.47280460065 2.81091821471 0.0
3.46580051916 2.8155576319 0.0
3.45827622858 2.82057001991 0.0
3.45586418082 2.82217987253 0.0
3.44877074922 2.82691597128 0.0
3.44161390597 2.83171067887 0.0
3.43474854945 2.83632748639 0.0
3.42814180567 2.84079386471 0.0
3.42147071097 2.84531733079 0.0
3.41504973644 2.84967774484 0.0
3.40891245808 2.8538486349 0.0
3.40291982498 2.85792887355 0.0
3.39718352388 2.8618551305 0.0
3.39173267179 2.8655943979 0.0
3.38986883205 2.8668729861 0.0
3.38477086919 2.87037279018 0.0
3.37988385652 2.87372777478 0.0
3.37506716057 2.87703448621 0.0
3.3706036539 2.88010216936 0.0
3.3667380883 2.88275989246 0.0
3.36550872628 2.88360639009 0.0
3.36174993933 2.88619359829 0.0
3.35827678531 2.88859404275 0.0
3.35529622395 2.89065711175 0.0
3.35228059716 2.89274445215 0.0
3.34947333112 2.89468322546 0.0
3.34655343974 2.89668401426 0.0
3.34412576989 2.89834689693 0.0
3.34150518292 2.90010520391 0.0
3.33918726895 2.90162547341 0.0
3.33653132559 2.90332990422 0.0
3.33570123819 2.90385243585 0.0
3.3332044315 2.90540958583 0.0
3.33060849689 2.90696814766 0.0
3.32808977624 2.90840538324 0.0
3.32517037354 2.90999973825 0.0
3.32237419637 2.91146278739 0.0
3.32137829574 2.91195024308 0.0
3.31845634532 2.91335271617 0.0
3.31534472427 2.91475178694 0.0
3.31199404837 2.91613488878 0.0
3.30848881881 2.91747550918 0.0
3.30720115395 2.91792745245 0.0
3.3031971372 2.91926640069 0.0
3.29883200271 2.9205959594 0.0
3.29435307867 2.92183975881 0.0
3.2929043013 2.9221988317 0.0
3.28759665427 2.9234740648 0.0
3.28234699595 2.92462059516 0.0
3.28037852906 2.92499823712 0.0
3.27404598957 2.92616733172 0.0
3.26739935527 2.927273635 0.0
3.26516548076 2.92761786031 0.0
3.25719143399 2.92879252107 0.0
3.24852599447 2.92995027693 0.0
3.23895962387 2.93112318476 0.0
3.23586703189 2.93148046289 0.0
3.22540075471 2.93266924384 0.0
3.21454619879 2.9338388427 0.0
3.21089677299 2.93420310382 0.0
3.19956501092 2.9353181865 0.0
3.19574390077 2.93567938776 0.0
3.18389748665 2.93678877413 0.0
3.17990500415 2.93714930831 0.0
3.16792624417 2.93821627685 0.0
3.16376177296 2.93856817325 0.0
3.15113976564 2.93962141764 0.0
3.14693111283 2.93995634155 0.0
3.13413404847 2.94096124505 0.0
3.12975404339 2.9412928857 0.0
3.11695338183 2.94225087886 0.0
3.11261418764 2.94255582699 0.0
3.09972297614 2.94344370364 0.0
3.087083217 2.94425664974 0.0
3.07465109596 2.94497130432 0.0
3.07069019859 2.94517403403 0.0
3.05893384236 2.94574695901 0.0
3.04700325036 2.94624282715 0.0
3.0432525054 2.94636856289 0.0
3.03195706757 2.94672945654 0.0
3.02014871903 2.94705929358 0.0
3.01631168828 2.94715172843 0.0
3.00492812526 2.94741005761 0.0
2.99371409897 2.94761558839 0.0
2.9827122883 2.94775384849 0.0
2.97917281807 2.94778659039 0.0
2.96834111898 2.94787922657 0.0
2.95746661689 2.94795135006 0.0
2.95384176326 2.94797222795 0.0
2.94309511742 2.94803037346 0.0
2.93226311724 2.94807574671 0.0
2.92172960224 2.94811067729 0.0
2.91085490338 2.94814104526 0.0
2.90023605795 2.948161432 0.0
2.89008630934 2.94817560374 0.0
2.88014978483 2.94818427499 0.0
2.87690868671 2.94818710338 0.0
2.86791037481 2.94819495589 0.0
2.85848560422 2.94820482549 0.0
2.84957260054 2.94822349287 0.0
2.84100076446 2.94824144571 0.0
2.83255686945 2.94826060433 0.0
2.82974225523 2.94827239423 0.0
2.82146900784 2.94830993729 0.0
2.81298253243 2.94834844796 0.0
2.80458136205 2.94838950415 0.0
2.79669195203 2.94843081339 0.0
2.78782171319 2.94848035466 0.0
2.77916472774 2.94853323783 0.0
2.76999599932 2.9485892471 0.0
2.76091258131 2.94864790607 0.0
2.75178652858 2.94870843323 0.0
2.74274574568 2.9487652389 0.0
2.73967530163 2.94878613907 0.0
2.73114630064 2.9488456837 0.0
2.72248938627 2.94890914333 0.0
2.71455744544 2.94896867299 0.0
2.70645493597 2.94903089702 0.0
2.69873627285 2.94909556226 0.0
2.69630554089 2.94911677493 0.0
2.68931185596 2.9491778079 0.0
2.68274458612 2.94923168073 0.0
2.6764757555 2.9492732578 0.0
2.67054803129 2.94930326097 0.0
2.66513204835 2.94932972866 0.0
2.65984403754 2.94936203168 0.0
2.65238111121 2.9494063181 0.0
2.64832979255 2.94942753095 0.0
2.6443637578 2.9494469128 0.0
2.64325496883 2.94945117027 0.0
2.63997124148 2.94946205956 0.0
2.6367727964 2.94946931662 0.0
2.63562135365 2.94946831179 0.0
2.6330199608 2.94945923118 0.0
2.63024805343 2.94943746022 0.0
2.62777470526 2.94941285361 0.0
2.62696457172 2.94939772259 0.0
2.62449167109 2.94934462732 0.0
2.62172089828 2.9492623927 0.0
2.62086864671 2.94922860969 0.0
2.61814173405 2.94911336463 0.0
2.61545861778 2.94897462671 0.0
2.61465012436 2.94892092663 0.0
2.61201340884 2.94872405933 0.0
2.60942262437 2.94848919129 0.0
2.60857453277 2.94839855644 0.0
2.60615976917 2.94811958585 0.0
2.60362401857 2.94777718957 0.0
2.60113846871 2.94738618486 0.0
2.60029953321 2.94723236273 0.0
2.59795373408 2.94678445328 0.0
2.59553503519 2.94626681219 0.0
2.5946224022 2.94604922402 0.0
2.5921788104 2.9454494725 0.0
2.59139632832 2.94523907502 0.0
2.58888916802 2.94454519143 0.0
2.58795027158 2.94426136423 0.0
2.58518032974 2.94340286435 0.0
2.58433089376 2.94311914152 0.0
2.58142609794 2.94212404117 0.0
2.57854965659 2.94104972809 0.0
2.5775997452 2.94066863628 0.0
2.57424666043 2.93929138457 0.0
2.5707717977 2.93776457956 0.0
2.56953863169 2.93718008396 0.0
2.5655842769 2.93526762264 0.0
2.56140972382 2.93312771703 0.0
2.56002593629 2.93236948755 0.0
2.55536988125 2.92977370136 0.0
2.55054640822 2.9269550913 0.0
2.54887466375 2.92592863718 0.0
2.54406145463 2.92292801419 0.0
2.53899480776 2.91961123028 0.0
2.53354918199 2.9158643557 0.0
2.52809561634 2.91198010669 0.0
2.52209483698 2.90754300429 0.0
2.51989213775 2.90586013158 0.0
2.51344209729 2.90088575437 0.0
2.50613091218 2.89507434081 0.0
2.49841524899 2.88874563937 0.0
2.48975549104 2.88148438932 0.0
2.48082264565 2.87381989795 0.0
2.47784535585 2.87119967797 0.0
2.46800631733 2.86249789293 0.0
2.45839776581 2.85392193281 0.0
2.45516821253 2.85100790035 0.0
2.44504426247 2.84185699942 0.0
2.43476636005 2.83249498587 0.0
2.42429165807 2.82284273994 0.0
2.41331040595 2.81267042836 0.0
2.40197042802 2.80206979634 0.0
2.3981263197 2.79843841464 0.0
2.38660731306 2.78753018826 0.0
2.37466948087 2.77613410083 0.0
2.36219306487 2.76419053082 0.0
2.34957740044 2.75208408736 0.0
2.33704642828 2.74001261975 0.0
2.33278592078 2.7358911042 0.0
2.31954910342 2.72307716839 0.0
2.30619423807 2.71013992251 0.0
2.29294248123 2.69728012514 0.0
2.27938238312 2.68412570124 0.0
2.26570448025 2.67084772621 0.0
2.25170661646 2.65722588834 0.0
2.23773694363 2.64363623043 0.0
2.22373194938 2.63002172369 0.0
2.20985633767 2.61651885384 0.0
2.19556256462 2.6025896136 0.0
2.19081014548 2.59793407577 0.0
2.17640549515 2.58381321731 0.0
2.16219330428 2.56986155641 0.0
2.14820134161 2.55611169298 0.0
2.13428455741 2.54240703044 0.0
2.12001541968 2.52833083624 0.0
2.11531207148 2.52368622378 0.0
2.10105522298 2.50959758277 0.0
2.07712053356 2.48588741612 0.0
2.06263853161 2.47154126464 0.0
2.047984892 2.45700480225 0.0
2.04314239133 2.45219766949 0.0
2.0282819674 2.43744578083 0.0
2.00355494834 2.41289935917 0.0
1.98853198971 2.39806918633 0.0
1.97322008228 2.38298540031 0.0
1.96813603725 2.37799803683 0.0
1.95280991223 2.36298958635 0.0
1.9373529054 2.34793203695 0.0
1.93217636356 2.34291737054 0.0
1.9166283699 2.32789235556 0.0
1.90119222563 2.31305856422 0.0
1.88566062594 2.29826285182 0.0
1.88047324847 2.29338305436 0.0
1.86491924776 2.27879729649 0.0
1.84919214619 2.26414692495 0.0
1.84393191544 2.25928271481 0.0
1.82819609923 2.24476720573 0.0
1.81215813438 2.23007626725 0.0
1.8067695367 2.22516269567 0.0
1.79062755498 2.21045916519 0.0
1.77449151274 2.19581249293 0.0
1.76889700643 2.19074503952 0.0
1.75252697202 2.17591200781 0.0
1.73584883256 2.16078388941 0.0
1.73019379555 2.15565621497 0.0
1.71335771916 2.14038483787 0.0
1.70786499592 2.13539559936 0.0
1.69139205191 2.12042213276 0.0
1.67463775031 2.10518757854 0.0
1.66917659444 2.10022701381 0.0
1.65282210212 2.08537684757 0.0
1.6472627223 2.08033414144 0.0
1.63070569268 2.06532640857 0.0
1.62514367327 2.06028661402 0.0
1.60899485554 2.04565402868 0.0
1.60349343281 2.04067438437 0.0
1.58739764828 2.02611030285 0.0
1.58217172577 2.02139825071 0.0
1.56597701819 2.00681647051 0.0
1.54984062589 1.99229739363 0.0
1.54453723176 1.98754394025 0.0
1.52889820448 1.97355612372 0.0
1.52373833182 1.96896207479 0.0
1.50780537693 1.95479125198 0.0
1.50260076528 1.95018336076 0.0
1.48697487283 1.936373318 0.0
1.47119446001 1.92248058026 0.0
1.45563094104 1.90879324965 0.0
1.45040707361 1.90420719982 0.0
1.43476512349 1.89047991542 0.0
1.41923239141 1.87688682428 0.0
1.4140254862 1.87234615148 0.0
1.39856312474 1.85886697578 0.0
1.38296980627 1.84527842848 0.0
1.37781936455 1.84080279576 0.0
1.3622966014 1.82732807805 0.0
1.34672514833 1.81384441854 0.0
1.33135177862 1.80052289078 0.0
1.31631208901 1.78746751076 0.0
1.30130687825 1.77443746747 0.0
1.28628999747 1.76135585814 0.0
1.27121347281 1.74814805972 0.0
1.25638645012 1.73504405187 0.0
1.24173040725 1.72200433673 0.0
1.22689531873 1.70871692314 0.0
1.22192590564 1.70422986374 0.0
1.20728706238 1.69097943089 0.0
1.19266537045 1.67764669867 0.0
1.17812638189 1.66428677672 0.0
1.16359812555 1.65085229156 0.0
1.14925893947 1.63752749759 0.0
1.14445578077 1.63304847963 0.0
1.1302403869 1.61977848797 0.0
1.11600542999 1.60646696804 0.0
1.10209787772 1.59342972763 0.0
1.08813953262 1.58032196911 0.0
1.07420999272 1.56724583477 0.0
1.06041613816 1.55427440929 0.0
1.0466002959 1.54126412044 0.0
1.03324357546 1.52869937249 0.0
1.01996480771 1.51623849935 0.0
1.00699701812 1.50406944993 0.0
1.00274150487 1.50006626279 0.0
0.990101289522 1.48817137644 0.0
0.977458998317 1.4762786964 0.0
0.965044346651 1.4645797205 0.0
0.952736999862 1.45295344197 0.0
0.940505796577 1.44137078225 0.0
0.936488996808 1.437549644 0.0
0.924751481701 1.42637606512 0.0
0.912649345105 1.41484329813 0.0
0.900394718096 1.40309974207 0.0
0.888434722977 1.39154203824 0.0
0.876604824981 1.38003394719 0.0
0.864961523436 1.36863994301 0.0
0.853127160566 1.35701440643 0.0
0.841385986322 1.34541580851 0.0
0.829804502392 1.33395897509 0.0
0.818263312681 1.32252205744 0.0
0.81442024379 1.31870572501 0.0
0.803106783529 1.30746312693 0.0
0.791772914942 1.29618057347 0.0
0.780603773396 1.28503480005 0.0
0.769500811478 1.27394345905 0.0
0.758273252184 1.26273547846 0.0
0.754532036755 1.25899817877 0.0
0.74333856156 1.24781641922 0.0
0.731931900487 1.23642567374 0.0
0.720275710894 1.22480198901 0.0
0.708520754086 1.21309616841 0.0
0.696594030319 1.20126068542 0.0
0.68467904816 1.18947394318 0.0
0.672396779503 1.17739154354 0.0
0.660039798069 1.16532444651 0.0
0.647701999658 1.15335993415 0.0
0.635094790189 1.14124468624 0.0
0.630890507153 1.13724938857 0.0
0.618163862722 1.12519755782 0.0
0.605202446616 1.11302172016 0.0
0.592252551473 1.10095841819 0.0
0.579415083586 1.08908742916 0.0
0.56615082055 1.07692445089 0.0
0.561830206266 1.07299161571 0.0
0.548449883932 1.0608292597 0.0
0.535044118184 1.04869495402 0.0
0.530514272662 1.04461196605 0.0
0.517042976687 1.03248661335 0.0
0.503351492423 1.02022349718 0.0
0.489615377199 1.00794630599 0.0
0.47600220319 0.995787543648 0.0
0.462448418593 0.983690328381 0.0
0.458024562013 0.979744658925 0.0
0.444595951666 0.967763376086 0.0
0.431220583024 0.95585054425 0.0
0.41821525624 0.944291691845 0.0
0.4055429118 0.933064366979 0.0
0.393110581166 0.922080633531 0.0
0.38913964217 0.918588392799 0.0
0.377157264332 0.908061616653 0.0
0.357884455981 0.891165767194 0.0
0.346690744463 0.881421493965 0.0
0.335695572817 0.871903893394 0.0
0.332141251951 0.868842375358 0.0
0.321442762268 0.859633723183 0.0
0.304433137629 0.845075297936 0.0
0.294689538697 0.836850059645 0.0
0.285361238564 0.829058685407 0.0
0.282310178965 0.826524747246 0.0
0.272891814379 0.818708246742 0.0
0.263851582468 0.811237485976 0.0
0.260821551012 0.808745045422 0.0
0.25251475484 0.80192662076 0.0
0.244521617846 0.795398279914 0.0
0.23668693739 0.7890130231 0.0
0.234136792271 0.786944268951 0.0
0.226649831705 0.780874954263 0.0
0.219064560179 0.774723749476 0.0
0.216515137346 0.772654105285 0.0
0.208802836635 0.766388723237 0.0
0.201224010793 0.760229578548 0.0
0.198676395036 0.758157710354 0.0
0.191100795154 0.751994598245 0.0
0.183591357717 0.745885312443 0.0
0.175951765977 0.739665706927 0.0
0.173405597277 0.737592060667 0.0
0.165832149189 0.731426304551 0.0
0.162923069526 0.729055407505 0.0
0.163022158001 0.729136337351 0.0
0.162592713407 0.728785716302 0.0
0.161833793702 0.728164326496 0.0
0.161899767854 0.728218383425 0.0
0.161899767854 0.728218383425 0.0
0.162361784987 0.728596540067 0.0
0.162394800349 0.728623533972 0.0
0.162361770858 0.728596557357 0.0
0.162328741366 0.728569580742 0.0
0.162328741366 0.728569580742 0.0
0.162328741366 0.728569580742 0.0
0.162328741366 0.728569580742 0.0
0.162328741366 0.728569580742 0.0
0.162328741366 0.728569580742 0.0
0.162328741366 0.728569580742 0.0
0.162328741366 0.728569580742 0.0
0.162328741366 0.728569580742 0.0
0.162328741366 0.728569580742 0.0
0.162328741366 0.728569580742 0.0
0.162328741366 0.728569580742 0.0
0.162328741366 0.728569580742 0.0
0.162328741366 0.728569580742 0.0
0.162328741366 0.728569580742 0.0
0.162328741366 0.728569580742 0.0
0.162328741366 0.728569580742 0.0
0.161537164765 0.727920759431 0.0
0.152370693111 0.720402045754 0.0
0.150853721694 0.719158206794 0.0
0.143495500205 0.713133427378 0.0
0.134554724284 0.705810273883 0.0
0.131994287999 0.703686822429 0.0
0.123578774838 0.696665321928 0.0
0.114765862255 0.689188783759 0.0
0.111865665192 0.686674781737 0.0
0.103863677262 0.679694202749 0.0
0.0958848455811 0.672622706252 0.0
0.0932135176778 0.670235940831 0.0
0.0856200693592 0.663437069361 0.0
0.0777871803992 0.656394200004 0.0
0.0701212879779 0.649484528044 0.0
0.0676235155862 0.647223655053 0.0
0.0599441365107 0.64026530234 0.0
0.0523363991459 0.633354920259 0.0
0.0497855310211 0.631025657578 0.0
0.0420736322169 0.623976317967 0.0
0.0343426216989 0.616884701589 0.0
0.0318007160831 0.614545661471 0.0
0.0241159415834 0.607466762334 0.0
0.0164109750665 0.600346858018 0.0
0.0138451396174 0.597970868341 0.0
0.00612009102071 0.590809878018 0.0
0.00349677761363 0.588370437772 0.0
0.00408985713068 0.588922526534 0.0
0.00377821763723 0.588631409144 0.0
0.00328057108432 0.58816457803 0.0
0.00275451300985 0.587665716434 0.0
0.00263077562 0.587548294036 0.0
0.0026617611555 0.5875775956 0.0
0.00275450269306 0.587665727166 0.0
0.00300197747277 0.587900571963 0.0
0.00284674328998 0.587754388943 0.0
0.00284674328998 0.587754388943 0.0
0.00284674328998 0.587754388943 0.0
0.00284674328998 0.587754388943 0.0
0.00284674328998 0.587754388943 0.0
0.00284674328998 0.587754388943 0.0
0.00284674328998 0.587754388943 0.0
0.00284674328998 0.587754388943 0.0
0.00284674328998 0.587754388943 0.0
0.00284674328998 0.587754388943 0.0
0.00287768276049 0.587783739143 0.0
0.00293957194572 0.587842428742 0.0
0.00287768276049 0.587783739143 0.0
0.00256823683433 0.587490291146 0.0
0.00241333472958 0.587343756286 0.0
0.00098776486986 0.585996133115 0.0
-0.000535029495567 0.584565133393 0.0
-0.00275451193163 0.582505548673 0.0
-0.00372373866255 0.581606462521 0.0
-0.00594501757999 0.579548815448 0.0
-0.00826799811773 0.577412725343 0.0
-0.00908914010663 0.576667636791 0.0
-0.011432149351 0.574553534808 0.0
-0.0138228344214 0.572428745763 0.0
-0.0145590402933 0.571780605868 0.0
-0.0166110718861 0.56998102246 0.0
-0.0186762398638 0.568196529444 0.0
-0.0193908311005 0.567588579656 0.0
-0.0217007744649 0.565630991049 0.0
-0.022551156677 0.564919456644 0.0
-0.0229768441131 0.564564283466 0.0
-0.0229768441131 0.564564283466 0.0
-0.0228452739999 0.564672857251 0.0
-0.0229442635267 0.564591806407 0.0
-0.0229442635267 0.564591806407 0.0
-0.0229442635267 0.564591806407 0.0
-0.0229442635267 0.564591806407 0.0
-0.0229442635267 0.564591806407 0.0
-0.0229442635267 0.564591806407 0.0
-0.0229442635267 0.564591806407 0.0
-0.0229112717336 0.564618829113 0.0
-0.0229112717336 0.564618829113 0.0
-0.0229112717336 0.564618829113 0.0
-0.0229112717336 0.564618829113 0.0
-0.0229112717336 0.564618829113 0.0
-0.0229112717336 0.564618829113 0.0
-0.0229112717336 0.564618829113 0.0
-0.0229112717336 0.564618829113 0.0
-0.0229112717336 0.564618829113 0.0
-0.0229112717336 0.564618829113 0.0
-0.0229112717336 0.564618829113 0.0
-0.0229112717336 0.564618829113 0.0
-0.0229112717336 0.564618829113 0.0
-0.0229112717336 0.564618829113 0.0
-0.0229112717336 0.564618829113 0.0
-0.0229112717336 0.564618829113 0.0
-0.0229112717336 0.564618829113 0.0
-0.0229112717336 0.564618829113 0.0
-0.0229112717336 0.564618829113 0.0
-0.0229112717336 0.564618829113 0.0
-0.0229112717336 0.564618829113 0.0
-0.0229112717336 0.564618829113 0.0
-0.0229112717336 0.564618829113 0.0
-0.0229112717336 0.564618829113 0.0
-0.0229112717336 0.564618829113 0.0
-0.0229112717336 0.564618829113 0.0
-0.0229112717336 0.564618829113 0.0
-0.0229112717336 0.564618829113 0.0
-0.0229112717336 0.564618829113 0.0
-0.0229112717336 0.564618829113 0.0
-0.0229112717336 0.564618829113 0.0
-0.0229112717336 0.564618829113 0.0
-0.0229112717336 0.564618829113 0.0
-0.0229112717336 0.564618829113 0.0
-0.0229112717336 0.564618829113 0.0
-0.0229112717336 0.564618829113 0.0
-0.0229112717336 0.564618829113 0.0
-0.0229112717336 0.564618829113 0.0
-0.0229112717336 0.564618829113 0.0
-0.0229112717336 0.564618829113 0.0
-0.0229112717336 0.564618829113 0.0
-0.0229112717336 0.564618829113 0.0
-0.0229112717336 0.564618829113 0.0
-0.0229112717336 0.564618829113 0.0
-0.0229112717336 0.564618829113 0.0
-0.0229112717336 0.564618829113 0.0
-0.0229112717336 0.564618829113 0.0
-0.0229112717336 0.564618829113 0.0
-0.0229112717336 0.564618829113 0.0
-0.0229112717336 0.564618829113 0.0
-0.0229112717336 0.564618829113 0.0
-0.0229112717336 0.564618829113 0.0
-0.0229112717336 0.564618829113 0.0
-0.0229112717336 0.564618829113 0.0
-0.0229112717336 0.564618829113 0.0
-0.0229112717336 0.564618829113 0.0
-0.0229112717336 0.564618829113 0.0
-0.0229112717336 0.564618829113 0.0
-0.0229112717336 0.564618829113 0.0
-0.0229112717336 0.564618829113 0.0
-0.0229112717336 0.564618829113 0.0
-0.0229112717336 0.564618829113 0.0
-0.0229112717336 0.564618829113 0.0
-0.0229112717336 0.564618829113 0.0
-0.0229112717336 0.564618829113 0.0
-0.0229112717336 0.564618829113 0.0
-0.0229112717336 0.564618829113 0.0
-0.0229112717336 0.564618829113 0.0
-0.0229112717336 0.564618829113 0.0
-0.0229112717336 0.564618829113 0.0
-0.0229112717336 0.564618829113 0.0
-0.0229112717336 0.564618829113 0.0
-0.0229112717336 0.564618829113 0.0
-0.0229112717336 0.564618829113 0.0
-0.0229112717336 0.564618829113 0.0
-0.0229112717336 0.564618829113 0.0
-0.0229112717336 0.564618829113 0.0
-0.0229112717336 0.564618829113 0.0
-0.0229112717336 0.564618829113 0.0
-0.0229112717336 0.564618829113 0.0
-0.0229112717336 0.564618829113 0.0
-0.0229112717336 0.564618829113 0.0
-0.0229112717336 0.564618829113 0.0
-0.0229112717336 0.564618829113 0.0
-0.0229112717336 0.564618829113 0.0
-0.0229112717336 0.564618829113 0.0
-0.0229112717336 0.564618829113 0.0
-0.0229112717336 0.564618829113 0.0
-0.0229112717336 0.564618829113 0.0
-0.0229112717336 0.564618829113 0.0
-0.0229112717336 0.564618829113 0.0
-0.0229112717336 0.564618829113 0.0
-0.0229112717336 0.564618829113 0.0
-0.0229112717336 0.564618829113 0.0
-0.0229112717336 0.564618829113 0.0
-0.0229112717336 0.564618829113 0.0
-0.0229112717336 0.564618829113 0.0
-0.0229112717336 0.564618829113 0.0
-0.0229112717336 0.564618829113 0.0
-0.0229112717336 0.564618829113 0.0
-0.0229112717336 0.564618829113 0.0
-0.0229112717336 0.564618829113 0.0
-0.0229112717336 0.564618829113 0.0
-0.0229112717336 0.564618829113 0.0
-0.0229112717336 0.564618829113 0.0
-0.0229112717336 0.564618829113 0.0
-0.0229112717336 0.564618829113 0.0
-0.0229112717336 0.564618829113 0.0
-0.0229112717336 0.564618829113 0.0
-0.0229112717336 0.564618829113 0.0
-0.0229112717336 0.564618829113 0.0
-0.0229112717336 0.564618829113 0.0
-0.0229112717336 0.564618829113 0.0
-0.0229112717336 0.564618829113 0.0
-0.0229112717336 0.564618829113 0.0
-0.0229112717336 0.564618829113 0.0
-0.0229112717336 0.564618829113 0.0
-0.0229112717336 0.564618829113 0.0
-0.0229112717336 0.564618829113 0.0
-0.0229112717336 0.564618829113 0.0
-0.0229112717336 0.564618829113 0.0
-0.0229112717336 0.564618829113 0.0
-0.0229112717336 0.564618829113 0.0
-0.0229112717336 0.564618829113 0.0
-0.0229112717336 0.564618829113 0.0
-0.0229112717336 0.564618829113 0.0
-0.0229112717336 0.564618829113 0.0
-0.0229112717336 0.564618829113 0.0
-0.0229112717336 0.564618829113 0.0
-0.0229112717336 0.564618829113 0.0
-0.0229112717336 0.564618829113 0.0
-0.0229112717336 0.564618829113 0.0
-0.0229112717336 0.564618829113 0.0
-0.0229112717336 0.564618829113 0.0
-0.0229112717336 0.564618829113 0.0
