0.0 0.0 0.0
0.0 0.0 0.0
0.0 0.0 0.0
0.0 0.0 0.0
0.0 0.0 0.0
0.0 0.0 0.0
0.0 0.0 0.0
0.0 0.0 0.0
0.0 0.0 0.0
0.0 0.0 0.0
0.0 0.0 0.0
0.0 0.0 0.0
0.0 0.0 0.0
0.0 0.0 0.0
0.0 0.0 0.0
0.0 0.0 0.0
0.0 0.0 0.0
0.0 0.0 0.0
0.0 0.0 0.0
0.0 0.0 0.0
0.0 0.0 0.0
0.0 0.0 0.0
0.0 0.0 0.0
0.0 0.0 0.0
0.0 0.0 0.0
0.0 0.0 0.0
0.0 0.0 0.0
0.0 0.0 0.0
0.0 0.0 0.0
0.0 0.0 0.0
0.0 0.0 0.0
0.0 0.0 0.0
0.0 0.0 0.0
0.0 0.0 0.0
0.0 0.0 0.0
0.0 0.0 0.0
0.0 0.0 0.0
0.0 0.0 0.0
0.0 0.0 0.0
0.0 0.0 0.0
0.0 0.0 0.0
0.0 0.0 0.0
0.0 0.0 0.0
0.0 0.0 0.0
0.0 0.0 0.0
0.0 0.0 0.0
0.0 0.0 0.0
0.0 0.0 0.0
0.0 0.0 0.0
0.0 0.0 0.0
0.0 0.0 0.0
0.0 0.0 0.0
0.0 0.0 0.0
0.0 0.0 0.0
0.0 0.0 0.0
0.0 0.0 0.0
0.0001279381325 0.0 0.0
0.00132202735098 -2.08407886367e-07 0.0
0.00187640647035 4.4360564195e-06 0.0
0.00319836374802 1.80493167631e-05 0.0
0.00345420258504 2.24256690047e-05 0.0
0.00345420258504 2.24256690047e-05 0.0
0.00345420258504 2.24256690047e-05 0.0
0.00345420258504 2.24256690047e-05 0.0
0.00345420258504 2.24256690047e-05 0.0
0.00345420258504 2.24256690047e-05 0.0
0.00345420258504 2.24256690047e-05 0.0
0.00345420258504 2.24256690047e-05 0.0
0.00345420258504 2.24256690047e-05 0.0
0.00345420258504 2.24256690047e-05 0.0
0.00345420258504 2.24256690047e-05 0.0
0.00345420258504 2.24256690047e-05 0.0
0.00345420258504 2.24256690047e-05 0.0
0.00345420258504 2.24256690047e-05 0.0
0.00345420258504 2.24256690047e-05 0.0
0.00345420258504 2.24256690047e-05 0.0
0.00345420258504 2.24256690047e-05 0.0
0.00345420258504 2.24256690047e-05 0.0
0.00345420258504 2.24256690047e-05 0.0
0.00345420258504 2.24256690047e-05 0.0
0.00345420258504 2.24256690047e-05 0.0
0.00345420258504 2.24256690047e-05 0.0
0.00345420258504 2.24256690047e-05 0.0
0.00345420258504 2.24256690047e-05 0.0
0.00345420258504 2.24256690047e-05 0.0
0.00345420258504 2.24256690047e-05 0.0
0.00345420258504 2.24256690047e-05 0.0
0.00345420258504 2.24256690047e-05 0.0
0.00345420258504 2.24256690047e-05 0.0
0.00345420258504 2.24256690047e-05 0.0
0.00345420258504 2.24256690047e-05 0.0
0.00345420258504 2.24256690047e-05 0.0
0.00341157038565 2.13390883337e-05 0.0
0.00341157038565 2.13390883337e-05 0.0
0.00341157038565 2.13390883337e-05 0.0
0.00341157038565 2.13390883337e-05 0.0
0.00341157038565 2.13390883337e-05 0.0
0.00328367609435 1.79900584526e-05 0.0
0.00298525203062 1.03319088143e-05 0.0
0.00289998292055 8.3522116842e-06 0.0
0.00289998292055 8.3522116842e-06 0.0
0.00289998292055 8.3522116842e-06 0.0
0.00285734531748 7.50374984103e-06 0.0
0.00285734531748 7.50374984103e-06 0.0
0.00285734531748 7.50374984103e-06 0.0
0.0028999844709 8.27035184936e-06 0.0
0.00307054108458 1.13367598827e-05 0.0
0.00319845894429 1.36142400642e-05 0.0
0.00324109960976 1.42915372224e-05 0.0
0.0031984585955 1.36365667563e-05 0.0
0.0031984585955 1.36365667563e-05 0.0
0.0035395945193 1.83404814528e-05 0.0
0.00417923744147 2.61555828109e-05 0.0
0.00447774338247 2.92816439864e-05 0.0
0.00464832360737 3.04427646786e-05 0.0
0.0049041970313 3.16485487074e-05 0.0
0.00524536536385 3.15294584884e-05 0.0
0.00533065707675 3.12763921393e-05 0.0
0.00541594864546 3.09786671904e-05 0.0
0.00541594864546 3.09786671904e-05 0.0
0.00541594864546 3.09786671904e-05 0.0
0.00541594864546 3.09786671904e-05 0.0
0.00541594864546 3.09786671904e-05 0.0
0.00541594864546 3.09786671904e-05 0.0
0.00541594864546 3.09786671904e-05 0.0
0.00541594864546 3.09786671904e-05 0.0
0.00541594864546 3.09786671904e-05 0.0
0.00541594864546 3.09786671904e-05 0.0
0.00541594864546 3.09786671904e-05 0.0
0.00541594864546 3.09786671904e-05 0.0
0.00541594864546 3.09786671904e-05 0.0
0.00541594864546 3.09786671904e-05 0.0
0.00541594864546 3.09786671904e-05 0.0
0.00541594864546 3.09786671904e-05 0.0
0.00541594864546 3.09786671904e-05 0.0
0.00541594864546 3.09786671904e-05 0.0
0.00541594864546 3.09786671904e-05 0.0
0.00541594864546 3.09786671904e-05 0.0
0.00541594864546 3.09786671904e-05 0.0
0.00541594864546 3.09786671904e-05 0.0
0.00541594864546 3.09786671904e-05 0.0
0.00541594864546 3.09786671904e-05 0.0
0.00541594864546 3.09786671904e-05 0.0
0.00541594864546 3.09786671904e-05 0.0
0.00541594864546 3.09786671904e-05 0.0
0.00541594864546 3.09786671904e-05 0.0
0.00541594864546 3.09786671904e-05 0.0
0.00541594864546 3.09786671904e-05 0.0
0.00541594864546 3.09786671904e-05 0.0
0.00541594864546 3.09786671904e-05 0.0
0.00541594864546 3.09786671904e-05 0.0
0.00541594864546 3.09786671904e-05 0.0
0.00541594864546 3.09786671904e-05 0.0
0.00541594864546 3.09786671904e-05 0.0
0.00541594864546 3.09786671904e-05 0.0
0.00541594864546 3.09786671904e-05 0.0
0.00541594864546 3.09786671904e-05 0.0
0.00541594864546 3.09786671904e-05 0.0
0.00541594864546 3.09786671904e-05 0.0
0.00541594864546 3.09786671904e-05 0.0
0.00541594864546 3.09786671904e-05 0.0
0.00541594864546 3.09786671904e-05 0.0
0.00541594864546 3.09786671904e-05 0.0
0.00541594864546 3.09786671904e-05 0.0
0.00541594864546 3.09786671904e-05 0.0
0.00541594864546 3.09786671904e-05 0.0
0.00541594864546 3.09786671904e-05 0.0
0.00541594864546 3.09786671904e-05 0.0
0.00541594864546 3.09786671904e-05 0.0
0.00541594864546 3.09786671904e-05 0.0
0.00541594864546 3.09786671904e-05 0.0
0.00541594864546 3.09786671904e-05 0.0
0.00541594864546 3.09786671904e-05 0.0
0.00541594864546 3.09786671904e-05 0.0
0.00541594864546 3.09786671904e-05 0.0
0.00541594864546 3.09786671904e-05 0.0
0.00541594864546 3.09786671904e-05 0.0
0.00541594864546 3.09786671904e-05 0.0
0.00541594864546 3.09786671904e-05 0.0
0.00541594864546 3.09786671904e-05 0.0
0.00541594864546 3.09786671904e-05 0.0
0.00541594864546 3.09786671904e-05 0.0
0.00541594864546 3.09786671904e-05 0.0
0.00541594864546 3.09786671904e-05 0.0
0.00541594864546 3.09786671904e-05 0.0
0.00541594864546 3.09786671904e-05 0.0
0.00541594864546 3.09786671904e-05 0.0
0.00541594864546 3.09786671904e-05 0.0
0.00541594864546 3.09786671904e-05 0.0
0.00541594864546 3.09786671904e-05 0.0
0.00541594864546 3.09786671904e-05 0.0
0.00541594864546 3.09786671904e-05 0.0
0.00541594864546 3.09786671904e-05 0.0
0.00541594864546 3.09786671904e-05 0.0
0.00541594864546 3.09786671904e-05 0.0
0.0183375228998 -3.66791556871e-05 0.0
0.0223461997031 -5.69690655232e-05 0.0
0.0316855553523 -0.000105870264237 0.0
0.0452039344017 -0.000212045548162 0.0
0.0574002750278 -0.000314223762891 0.0
0.0697241138033 -0.00046049289346 0.0
0.0834125013187 -0.000625346990731 0.0
0.0958211665046 -0.000807280558882 0.0
0.108442838282 -0.00100555762344 0.0
0.120382054572 -0.0012056198343 0.0
0.132278340865 -0.00142157809155 0.0
0.144217228169 -0.00164039412498 0.0
0.14826784211 -0.00171887711443 0.0
0.160419558985 -0.00196068873973 0.0
0.172784154036 -0.002221849068 0.0
0.185702476361 -0.00251951851517 0.0
0.19896143698 -0.00284356053298 0.0
0.212901721683 -0.00321590395673 0.0
0.217462956392 -0.00334729441032 0.0
0.232126738628 -0.00378250530702 0.0
0.247387063457 -0.00424341862531 0.0
0.263286101352 -0.00474584368141 0.0
0.279439972239 -0.00528454527146 0.0
0.296233275871 -0.00584163652902 0.0
0.301774149118 -0.00602738250618 0.0
0.318482013061 -0.00658747806807 0.0
0.335274522478 -0.00716801665022 0.0
0.340900405307 -0.00736349371448 0.0
0.357692813145 -0.00794696313356 0.0
0.374953834145 -0.00855274757776 0.0
0.380792639325 -0.00876072447355 0.0
0.398010721755 -0.00937402860423 0.0
0.415867641008 -0.0100225705663 0.0
0.42187673317 -0.0102418637852 0.0
0.44032983127 -0.0109249582653 0.0
0.458824572213 -0.0116354545449 0.0
0.465131406835 -0.0118810458832 0.0
0.484009296955 -0.0126161604971 0.0
0.490273302574 -0.0128655589048 0.0
0.50910753649 -0.0136253124013 0.0
0.515541534314 -0.0138927270064 0.0
0.534843105089 -0.0147050772116 0.0
0.5411913661 -0.014981138189 0.0
0.560746970519 -0.0158417936279 0.0
0.579619719886 -0.0166988001618 0.0
0.586264673304 -0.0170214675679 0.0
0.606796394724 -0.0180076768689 0.0
0.626688827407 -0.0189701388365 0.0
0.647303442702 -0.020007216 0.0
0.654160480079 -0.0203581781742 0.0
0.674816216395 -0.0214262399395 0.0
0.695001430865 -0.0225088324247 0.0
0.702325397351 -0.0229131768457 0.0
0.724168492473 -0.0241382197501 0.0
0.745197899414 -0.0253986469142 0.0
0.767460416588 -0.0267563807597 0.0
0.789508199866 -0.0281319202018 0.0
0.812363684518 -0.0295738702819 0.0
0.835217646632 -0.0310397537745 0.0
0.858580463438 -0.032566938638 0.0
0.866452544875 -0.0330911817249 0.0
0.889600450075 -0.0346367798699 0.0
0.913045391448 -0.0362145421848 0.0
0.93627537818 -0.0378104239626 0.0
0.959459718156 -0.0394478966078 0.0
0.982811892538 -0.0411299948164 0.0
0.990595259832 -0.0417002038195 0.0
1.01373210831 -0.0434033277351 0.0
1.03699444011 -0.0451442654701 0.0
1.06034090806 -0.0469037930308 0.0
1.08351696902 -0.048654545731 0.0
1.10669149334 -0.0504255226905 0.0
1.12982380377 -0.052189212828 0.0
1.15308460746 -0.0539504501116 0.0
1.17643168817 -0.0557018281106 0.0
1.19956674046 -0.057429179939 0.0
1.22351136941 -0.059195967115 0.0
1.23129572005 -0.0597525907179 0.0
1.25473413899 -0.0614244540943 0.0
1.27808748201 -0.0630902490011 0.0
1.30046383608 -0.0646667300575 0.0
1.32420265102 -0.0663225462923 0.0
1.34675081856 -0.0678874042744 0.0
1.35406877747 -0.0683888590459 0.0
1.3764906632 -0.0699252931422 0.0
1.39844453993 -0.0714296574567 0.0
1.42069624057 -0.0729544298141 0.0
1.44269240017 -0.0744655486404 0.0
1.46502838887 -0.0760078471745 0.0
1.48723754324 -0.0775297040972 0.0
1.52446508608 -0.0800872069463 0.0
1.54663062835 -0.0816216232747 0.0
1.56896661705 -0.0831639218088 0.0
1.576454401 -0.0836822659044 0.0
1.59857713142 -0.0852175982642 0.0
1.62087057538 -0.0867569590868 0.0
1.6284865399 -0.0872761634599 0.0
1.65090975788 -0.0887930301871 0.0
1.67312127538 -0.0902799991886 0.0
1.69546122526 -0.0917638170225 0.0
1.70295119963 -0.0922494846666 0.0
1.72503861126 -0.0936739424474 0.0
1.74704335068 -0.095054507595 0.0
1.75440727658 -0.0955061946668 0.0
1.77645695898 -0.0968509482652 0.0
1.79765774529 -0.0981030806202 0.0
1.80476839075 -0.0985031173113 0.0
1.82661169935 -0.0997243478578 0.0
1.84764579095 -0.100904018803 0.0
1.85475739266 -0.101286679733 0.0
1.87639149598 -0.102428047651 0.0
1.88337655212 -0.102780673091 0.0
1.90390634232 -0.103806298625 0.0
1.91093471789 -0.104146354781 0.0
1.93236151083 -0.105164312804 0.0
1.93934826229 -0.105481579332 0.0
1.96043715073 -0.106420779402 0.0
1.98203860706 -0.107352587555 0.0
1.98919691022 -0.107651357804 0.0
2.01041647387 -0.108529591215 0.0
2.0322341141 -0.109394436289 0.0
2.03939312593 -0.109675714629 0.0
2.06082784089 -0.110510393299 0.0
2.08264666741 -0.111344774368 0.0
2.10429517851 -0.112168858469 0.0
2.11149742696 -0.112435470402 0.0
2.13323230239 -0.113232452104 0.0
2.15522343983 -0.114023457546 0.0
2.16263924036 -0.114285014797 0.0
2.18450320029 -0.11505234176 0.0
2.20662341562 -0.11581320067 0.0
2.21416761548 -0.116063467555 0.0
2.23650198583 -0.116800472577 0.0
2.25922086071 -0.117522380286 0.0
2.26680831606 -0.117754198013 0.0
2.2892297921 -0.118435319146 0.0
2.31165150454 -0.119108613666 0.0
2.33390294154 -0.119769020898 0.0
2.35598432158 -0.120408951985 0.0
2.37798033373 -0.121050251334 0.0
2.38522693265 -0.121266591259 0.0
2.40645520479 -0.121900339983 0.0
2.42836539527 -0.122558274172 0.0
2.44950785442 -0.123207928241 0.0
2.47052186429 -0.123871991385 0.0
2.49119498974 -0.124521670525 0.0
2.49801483859 -0.12474075887 0.0
2.51804814461 -0.125384330883 0.0
2.53842232852 -0.126042413288 0.0
2.5585401948 -0.126709791648 0.0
2.57827434314 -0.127367888841 0.0
2.59813635853 -0.128030250163 0.0
2.61748656518 -0.128685686804 0.0
2.63739108677 -0.129352943506 0.0
2.65682710371 -0.129994306655 0.0
2.67613569223 -0.130617970525 0.0
2.69510371331 -0.131217378434 0.0
2.70145490773 -0.131414753609 0.0
2.71982668171 -0.13197927156 0.0
2.73828429133 -0.132527080625 0.0
2.75618793078 -0.13305219325 0.0
2.77323936095 -0.133540396487 0.0
2.78977973505 -0.133996632841 0.0
2.7952790877 -0.134144480434 0.0
2.81088190219 -0.134563955 0.0
2.82674064839 -0.134984770478 0.0
2.84208789297 -0.135389332669 0.0
2.85730738296 -0.135785210929 0.0
2.87218602055 -0.136164427583 0.0
2.87700356439 -0.136283007144 0.0
2.8917121202 -0.136639907856 0.0
2.90607948548 -0.136993547787 0.0
2.91089709075 -0.137109604872 0.0
2.92534996712 -0.13745525363 0.0
2.9392486612 -0.137785221646 0.0
2.95314735527 -0.138115189663 0.0
2.96666245425 -0.138431330492 0.0
2.97975131548 -0.138732929569 0.0
2.98388690058 -0.138827501294 0.0
2.99637892568 -0.139113166402 0.0
3.00823147444 -0.13938213836 0.0
3.02072388623 -0.139650361038 0.0
3.03291779861 -0.139914303908 0.0
3.04489866485 -0.140167359261 0.0
3.04890658556 -0.140247814189 0.0
3.06046145555 -0.140473713952 0.0
3.0714194691 -0.140684118561 0.0
3.08190863437 -0.140876364076 0.0
3.09227013805 -0.141051797921 0.0
3.09555358692 -0.141095926963 0.0
3.10497761854 -0.141214359071 0.0
3.11406064142 -0.141317407118 0.0
3.12233369563 -0.141385272896 0.0
3.12506304229 -0.141386225618 0.0
3.13363489077 -0.141375753124 0.0
3.14169482506 -0.141323703616 0.0
3.14429576302 -0.141274217171 0.0
3.15209779068 -0.141088989727 0.0
3.15955593118 -0.140818118979 0.0
3.16215416725 -0.140689680312 0.0
3.17015966326 -0.140251914064 0.0
3.17794709069 -0.139740134087 0.0
3.18555709598 -0.13913987724 0.0
3.18823160685 -0.13888423548 0.0
3.19595440561 -0.138109313539 0.0
3.20375130094 -0.13722510472 0.0
3.20624685528 -0.136904088635 0.0
3.21398270548 -0.13587328001 0.0
3.21693582794 -0.135436674156 0.0
3.21693582794 -0.135436674156 0.0
3.21727225822 -0.135380012796 0.0
3.22046342801 -0.134813302628 0.0
3.22231008208 -0.134480371603 0.0
3.2257521139 -0.133862912742 0.0
3.2288933896 -0.133260840846 0.0
3.2304351906 -0.132925237595 0.0
3.23567754149 -0.13174574551 0.0
3.2373311888 -0.131327001304 0.0
3.23906281902 -0.130869161525 0.0
3.24066575757 -0.130425531037 0.0
3.24570294298 -0.128962093392 0.0
3.25083004045 -0.127216687044 0.0
3.25266426933 -0.126521027617 0.0
3.25838073734 -0.124277314764 0.0
3.26452271027 -0.121611805966 0.0
3.2665566158 -0.120625948637 0.0
3.27354088589 -0.117143720026 0.0
3.28049784584 -0.11342280545 0.0
3.28294175573 -0.11202656169 0.0
3.28987033721 -0.107992411921 0.0
3.29724227856 -0.103453615355 0.0
3.30442389873 -0.098773761955 0.0
3.30685388803 -0.0971142705709 0.0
3.31421495808 -0.0920134216251 0.0
3.3216402713 -0.0866344401681 0.0
3.3291430165 -0.0810012197296 0.0
3.33655233699 -0.0752456721642 0.0
3.33904536284 -0.0732419442127 0.0
3.3464970856 -0.0671968833888 0.0
3.35402518746 -0.0609091076883 0.0
3.36158506051 -0.0543951043196 0.0
3.36903741338 -0.0478226594797 0.0
3.37661898387 -0.0410105453044 0.0
3.37907027988 -0.0387619840137 0.0
3.38662472552 -0.0317933830438 0.0
3.39418520696 -0.0247060241634 0.0
3.40190597325 -0.0173536377833 0.0
3.40953307642 -0.0100267213372 0.0
3.41727864217 -0.00251550141867 0.0
3.41986677277 2.25253220225e-05 0.0
3.42756235224 0.0075849502049 0.0
3.43547672175 0.0154114054535 0.0
3.44358228708 0.0234690135413 0.0
3.45187210131 0.0317646171685 0.0
3.46061661104 0.0405703891947 0.0
3.46951786061 0.0495810578 0.0
3.47878736382 0.0590071888559 0.0
3.48818629404 0.0686050603931 0.0
3.49771738176 0.0783719288512 0.0
3.50733093859 0.0882370756333 0.0
3.51054076985 0.0915401236323 0.0
3.52037477398 0.101666787405 0.0
3.53013705355 0.11174419727 0.0
3.54037040507 0.122315266694 0.0
3.55018140723 0.13246421703 0.0
3.56052220228 0.1431686843 0.0
3.56398387314 0.146762124847 0.0
3.5745721555 0.157761135333 0.0
3.58520800196 0.168832736707 0.0
3.59588932681 0.179978904992 0.0
3.60655702608 0.191138114656 0.0
3.61727582666 0.202366463282 0.0
3.62815336916 0.213796995076 0.0
3.63889158898 0.225124590319 0.0
3.64998868063 0.236875858371 0.0
3.66084250405 0.248446140726 0.0
3.67175940615 0.260132621731 0.0
3.67553118599 0.264195804573 0.0
3.68657292591 0.276115625243 0.0
3.69773636522 0.288213328552 0.0
3.70855498094 0.299990855613 0.0
3.71922561816 0.311672599269 0.0
3.73007263652 0.323597497263 0.0
3.73370440033 0.327615439941 0.0
3.74427082028 0.339334175253 0.0
3.75457671951 0.350828356784 0.0
3.75807776601 0.354734449461 0.0
3.76817453945 0.366015183204 0.0
3.77816058341 0.377223273248 0.0
3.78153191536 0.38101649356 0.0
3.79101704727 0.391699854742 0.0
3.80064355917 0.402599799181 0.0
3.80993926993 0.413165998454 0.0
3.81297606693 0.416628801767 0.0
3.8215487925 0.426411007867 0.0
3.82940158005 0.435406486634 0.0
3.83191153018 0.438310191078 0.0
3.83959626979 0.447225623314 0.0
3.84628646089 0.455083792079 0.0
3.84840247555 0.457594860736 0.0
3.85485375213 0.465264144552 0.0
3.85695922992 0.467784054695 0.0
3.86246883367 0.47440628186 0.0
3.86783072257 0.480929308565 0.0
3.86957744917 0.483081723643 0.0
3.87388158672 0.488431166226 0.0
3.8783732874 0.494176146257 0.0
3.87968614167 0.495910162858 0.0
3.88338858115 0.50086291924 0.0
3.8872650944 0.506269597071 0.0
3.88843724107 0.507999549403 0.0
3.89203761698 0.51338992912 0.0
3.89553765777 0.518845991305 0.0
3.89885330915 0.524366344059 0.0
3.89993090612 0.526255572653 0.0
3.90316679714 0.532019505202 0.0
3.90631980915 0.53802256216 0.0
3.90732373134 0.540047611944 0.0
3.91040837256 0.546372063692 0.0
3.91334199998 0.552721015117 0.0
3.91626497188 0.559495058304 0.0
3.91906212761 0.566322015582 0.0
3.92201623746 0.574049969177 0.0
3.92470837193 0.581511312297 0.0
3.92755672903 0.589911934491 0.0
3.92844177849 0.592673507826 0.0
3.9310179581 0.600849080875 0.0
3.93352628529 0.609268464157 0.0
3.93588286101 0.617731576532 0.0
3.93816625501 0.62643535677 0.0
3.94036636712 0.635292444823 0.0
3.94105447163 0.638284864522 0.0
3.94317778117 0.647729788038 0.0
3.94515909015 0.657205516949 0.0
3.94716418554 0.667416140219 0.0
3.94907678868 0.677557709252 0.0
3.95096313732 0.688094343805 0.0
3.95277518427 0.698773799441 0.0
3.95456895258 0.709715714578 0.0
3.95627781129 0.720541707972 0.0
3.95803439627 0.73200765784 0.0
3.95977663674 0.743777656298 0.0
3.96033962087 0.747660490239 0.0
3.96207734952 0.759689746035 0.0
3.96381215138 0.771848671894 0.0
3.96560751511 0.784558957346 0.0
3.96749124296 0.798204218994 0.0
3.96935971468 0.812023733844 0.0
3.96998577819 0.816715861654 0.0
3.97186783426 0.83087777531 0.0
3.97373182496 0.845171109326 0.0
3.97560162175 0.859807692375 0.0
3.97746719084 0.874616763064 0.0
3.97933044945 0.889769921888 0.0
3.98113574546 0.904887147211 0.0
3.98419653468 0.931021128441 0.0
3.98592335663 0.946662485977 0.0
3.98763917056 0.962905548456 0.0
3.98816805769 0.968167143294 0.0
3.98975370764 0.984166318473 0.0
3.9912900426 1.00029882605 0.0
3.99178288046 1.00573522627 0.0
3.99319251799 1.02175086906 0.0
3.99451527946 1.03760275031 0.0
3.9957423062 1.05333400561 0.0
3.99612407477 1.05860831642 0.0
3.99724124761 1.07434775456 0.0
3.99830390252 1.09030467639 0.0
3.9986276551 1.09558286605 0.0
3.99957700765 1.11137604063 0.0
4.00044995212 1.12708819985 0.0
4.000724867 1.13236915844 0.0
4.00152687486 1.14825590199 0.0
4.00227971856 1.1641023572 0.0
4.00298844535 1.18007891178 0.0
4.00320981505 1.18540506892 0.0
4.00387321619 1.20163966298 0.0
4.00450274391 1.21766221325 0.0
4.00469896231 1.22311737912 0.0
4.00525665048 1.23892922966 0.0
4.00578969196 1.25516862657 0.0
4.00595472505 1.26053949321 0.0
4.0064202995 1.27622633002 0.0
4.00685261733 1.29199944288 0.0
4.00698790346 1.29720050108 0.0
4.00738014535 1.31280402393 0.0
4.0077431588 1.32832293884 0.0
4.00785662775 1.33348186248 0.0
4.00819167723 1.34908671816 0.0
4.00829434112 1.35424586813 0.0
4.00860193157 1.36997925199 0.0
4.00888634091 1.38579837791 0.0
4.00896417854 1.39117121568 0.0
4.00919233347 1.40792955801 0.0
4.00926351028 1.41351573637 0.0
4.00945836708 1.42993330705 0.0
4.00950454379 1.43556239549 0.0
4.0096258361 1.45210861606 0.0
4.00971448348 1.46903886352 0.0
4.00972813418 1.47462547863 0.0
4.00975129722 1.49121477364 0.0
4.00974073541 1.49671610319 0.0
4.00969696981 1.51343329522 0.0
4.00966847759 1.51906250094 0.0
4.00958056711 1.53531040595 0.0
4.00945262087 1.55160069237 0.0
4.00928716262 1.56823182657 0.0
4.00909951035 1.58452153463 0.0
4.00888124654 1.60119470935 0.0
4.00880468152 1.60661021574 0.0
4.00856684434 1.62302722003 0.0
4.00832169144 1.63935881506 0.0
4.00807239308 1.65577564931 0.0
4.00781005629 1.67193637094 0.0
4.00754780112 1.68826770029 0.0
4.00745871083 1.69364036325 0.0
4.00719497529 1.70954515122 0.0
4.00693265388 1.72536465883 0.0
4.00666971497 1.74105620024 0.0
4.00640764713 1.75653449586 0.0
4.00614846709 1.77184223174 0.0
4.00588639925 1.78732052736 0.0
4.0056272192 1.80262826324 0.0
4.00536901442 1.81772275463 0.0
4.00510628496 1.83277451541 0.0
4.0048461905 1.84752775418 0.0
4.00475998091 1.85251659654 0.0
4.00450834066 1.86722732966 0.0
4.00408748145 1.89183049783 0.0
4.00383913066 1.90649863472 0.0
4.00359943536 1.92095365649 0.0
4.00351983448 1.92585730554 0.0
4.0032907224 1.93997128669 0.0
4.00305814941 1.95429846998 0.0
4.00298364672 1.95898894318 0.0
4.0027713027 1.9725060714 0.0
4.00256797885 1.98589538557 0.0
4.00250496744 1.99024482567 0.0
4.00231807645 2.00346377828 0.0
4.00224966944 2.00777048549 0.0
4.00205841806 2.02022166166 0.0
4.00200482887 2.02448592936 0.0
4.00185422081 2.03663911878 0.0
4.00180182282 2.04039160485 0.0
4.00164507554 2.05147846833 0.0
4.00159805124 2.05493247782 0.0
4.00146090777 2.06555045717 0.0
4.00141589285 2.06913244204 0.0
4.00128183097 2.07923866537 0.0
4.00114366081 2.08938748337 0.0
4.00110346892 2.09258568414 0.0
4.00098086867 2.10247880676 0.0
4.00086297245 2.1118601957 0.0
4.00082706757 2.11493050095 0.0
4.00072740608 2.12371502073 0.0
4.00063079584 2.13309665302 0.0
4.00054402521 2.14166806871 0.0
4.00046092385 2.15032481682 0.0
4.00039460616 2.15876847313 0.0
4.00037480756 2.16175363057 0.0
4.0003155904 2.17045322204 0.0
4.00026649575 2.17872640894 0.0
4.00022340017 2.18695698264 0.0
4.00018701823 2.1949743564 0.0
4.00014366962 2.20273581538 0.0
4.00012961704 2.20525189274 0.0
4.00008663315 2.21271482669 0.0
4.00004310593 2.22004981714 0.0
4.00002702888 2.2223526474 0.0
3.99997732405 2.22913318625 0.0
3.99991582974 2.23565774122 0.0
3.99981823915 2.24201125234 0.0
3.99970857819 2.24793803806 0.0
3.99955614618 2.25360791327 0.0
3.99947328017 2.25543981991 0.0
3.99920517059 2.26080652855 0.0
3.99885945353 2.26599784712 0.0
3.99833482851 2.27151695452 0.0
3.99769701249 2.27693825761 0.0
3.99693023006 2.2824289609 0.0
3.99663803516 2.28415286106 0.0
3.99562544343 2.28982032907 0.0
3.99438415713 2.29587813908 0.0
3.99296972008 2.30202922402 0.0
3.99139113985 2.30827229402 0.0
3.98966807828 2.31447704199 0.0
3.98901366409 2.31664047179 0.0
3.98697071797 2.32324016439 0.0
3.98483151289 2.32967460137 0.0
3.98402489977 2.33192243848 0.0
3.98151518511 2.33876944533 0.0
3.97889013722 2.34548156782 0.0
3.97600573036 2.35241091023 0.0
3.97304919181 2.35912379778 0.0
3.96990697723 2.36589311962 0.0
3.96881260201 2.36811131697 0.0
3.96537068333 2.37497270112 0.0
3.96194968154 2.38146120837 0.0
3.96068650854 2.38373535022 0.0
3.95688104145 2.39050000431 0.0
3.95292596693 2.39722780709 0.0
3.95150354437 2.39955719503 0.0
3.94751358856 2.40596483403 0.0
3.9431367281 2.41273302008 0.0
3.94173519939 2.41482265164 0.0
3.93706933257 2.42170634157 0.0
3.93550228308 2.42394099814 0.0
3.93064634812 2.43079674355 0.0
3.9289855925 2.43306920542 0.0
3.92366358354 2.44027199883 0.0
3.92190062762 2.4425745162 0.0
3.91639791449 2.44969419504 0.0
3.91059543757 2.45701247468 0.0
3.90849171128 2.45958914224 0.0
3.90203703795 2.4674220721 0.0
3.8953178671 2.47536750967 0.0
3.89294975273 2.47811196481 0.0
3.8855768317 2.48662049648 0.0
3.88315095077 2.48937115033 0.0
3.87524984037 2.49826725734 0.0
3.8725029802 2.50130300452 0.0
3.86418918057 2.51045899443 0.0
3.85544275758 2.51997065798 0.0
3.8466756818 2.52940515514 0.0
3.84375961628 2.53251697337 0.0
3.83458613069 2.54227208673 0.0
3.82506966982 2.55228983387 0.0
3.82185229847 2.55564487769 0.0
3.81251130154 2.56535839374 0.0
3.80295213929 2.5751574522 0.0
3.79971417771 2.5784329289 0.0
3.78980993088 2.58843096372 0.0
3.77999647344 2.59827873652 0.0
3.77009789813 2.60810158662 0.0
3.76023778635 2.61772030751 0.0
3.75012126948 2.62744205522 0.0
3.74677483165 2.63060662417 0.0
3.73652937558 2.64025470354 0.0
3.72606225936 2.64997794434 0.0
3.72253794501 2.65320173 0.0
3.71194308557 2.66284907287 0.0
3.7013128657 2.67239372368 0.0
3.69057440016 2.68188095874 0.0
3.67996774141 2.69113047742 0.0
3.66921593479 2.70040791372 0.0
3.66565307842 2.7034594943 0.0
3.65466152142 2.71285048909 0.0
3.64386968786 2.72201558991 0.0
3.63330841042 2.73085872368 0.0
3.62185873515 2.74036780345 0.0
3.61117550919 2.74913062083 0.0
3.60749672488 2.75210964162 0.0
3.59665310097 2.76087810772 0.0
3.58611295608 2.76934351917 0.0
3.57533877427 2.77792597816 0.0
3.56493752559 2.78615513765 0.0
3.55430931067 2.79450971082 0.0
3.55084510984 2.79721040382 0.0
3.54067689204 2.80511475079 0.0
3.53045014057 2.81301318184 0.0
3.52716698445 2.81552970601 0.0
3.51737605721 2.82301543513 0.0
3.5075616612 2.83047036825 0.0
3.50439545738 2.8328588742 0.0
3.49464828302 2.84019056957 0.0
3.48506814251 2.84731838959 0.0
3.48180553892 2.84972027441 0.0
3.47227538963 2.85670039921 0.0
3.46295293618 2.86345865374 0.0
3.4537685155 2.87004375638 0.0
3.45070226934 2.87220755668 0.0
3.44194574062 2.87836403162 0.0
3.43340219847 2.88430415979 0.0
3.43058885545 2.88623410425 0.0
3.42256028275 2.89171904233 0.0
3.41471513227 2.89701863566 0.0
3.41216090189 2.89872273972 0.0
3.40480809711 2.90360793153 0.0
3.39801419928 2.90810130474 0.0
3.39108662964 2.91262422534 0.0
3.38900821475 2.91396521309 0.0
3.3828039227 2.91795747887 0.0
3.37687724816 2.92175066094 0.0
3.37111098948 2.92539875619 0.0
3.36926672994 2.92655162507 0.0
3.3635855901 2.93009470547 0.0
3.3582513072 2.93338793973 0.0
3.35642760491 2.93449284818 0.0
3.35108948585 2.93769777815 0.0
3.34542435531 2.94102016154 0.0
3.34364856355 2.94203840221 0.0
3.33834657513 2.94505157496 0.0
3.33278257379 2.94812053514 0.0
3.33100727258 2.94905100867 0.0
3.32539613907 2.95194093233 0.0
3.31980760137 2.95468598927 0.0
3.31418517949 2.95726013498 0.0
3.31214645307 2.95813267096 0.0
3.30597056715 2.96071863339 0.0
3.29977349389 2.96313851007 0.0
3.29760229543 2.96390609261 0.0
3.2911095726 2.96613918157 0.0
3.28440309683 2.96826917786 0.0
3.28214662973 2.96890939547 0.0
3.27548314957 2.97073356746 0.0
3.26844471158 2.97247149425 0.0
3.26165452405 2.97395944497 0.0
3.25922807654 2.97443945443 0.0
3.25193910074 2.97582990092 0.0
3.24478786664 2.97702147538 0.0
3.23728341385 2.97816445683 0.0
3.22946877145 2.97924882807 0.0
3.22667553358 2.97959525911 0.0
3.21892652929 2.98052201542 0.0
3.2104028913 2.98142992036 0.0
3.20195302274 2.9822182536 0.0
3.19277179689 2.98296502206 0.0
3.18324413012 2.98365633141 0.0
3.18009404214 2.98384623993 0.0
3.16962009211 2.98444282788 0.0
3.15875956707 2.98499869965 0.0
3.1475979832 2.98550944843 0.0
3.13622090324 2.98597236592 0.0
3.12428841684 2.98642033773 0.0
3.11989844416 2.98657057051 0.0
3.10745271777 2.98698561237 0.0
3.09500621751 2.9873767594 0.0
3.08243066284 2.98773241961 0.0
3.06947053207 2.98806500211 0.0
3.05646688819 2.98836236681 0.0
3.04337709879 2.98862056001 0.0
3.03015875888 2.98884667154 0.0
3.01702493279 2.98902089542 0.0
3.00282463151 2.98917456347 0.0
2.98892248886 2.98928860596 0.0
2.98444466575 2.98929876584 0.0
2.97067000104 2.98931319064 0.0
2.94768379584 2.98928911953 0.0
2.93386673533 2.98920471486 0.0
2.92039105827 2.98909181865 0.0
2.91591352071 2.98904023884 0.0
2.90273696262 2.9888723485 0.0
2.8898167353 2.98867389245 0.0
2.88551011488 2.98860022385 0.0
2.87280364716 2.98837177646 0.0
2.86031057597 2.98813625972 0.0
2.84824426168 2.98788982707 0.0
2.84432175929 2.98780423777 0.0
2.8326396136 2.98754525263 0.0
2.82112842525 2.98727196624 0.0
2.81733415951 2.98717526056 0.0
2.80624988695 2.98688888043 0.0
2.79554959614 2.98660120798 0.0
2.79188355703 2.98649560443 0.0
2.78173821343 2.98619626991 0.0
2.77176401808 2.98588107564 0.0
2.76848205908 2.98577277529 0.0
2.75910536253 2.98545352627 0.0
2.75002751214 2.98513017533 0.0
2.74129094456 2.98480981994 0.0
2.7383504777 2.98469840046 0.0
2.72995539944 2.98437589409 0.0
2.72177361566 2.98405586111 0.0
2.71904642954 2.98394727949 0.0
2.71107804383 2.98362723606 0.0
2.70311005507 2.98329745765 0.0
2.70038316256 2.98318173666 0.0
2.69275661289 2.98285275508 0.0
2.69007244884 2.98273603131 0.0
2.68248879396 2.98240226951 0.0
2.67997516888 2.98229032445 0.0
2.67264760027 2.9819575815 0.0
2.67017673507 2.98184408373 0.0
2.66297714506 2.9815133747 0.0
2.65603321758 2.98119319487 0.0
2.65369019346 2.9810847498 0.0
2.64781142827 2.98081059915 0.0
2.64150656336 2.98051878332 0.0
2.63963211389 2.98043268156 0.0
2.63430710216 2.98018528608 0.0
2.62936557172 2.97995397815 0.0
2.62774694296 2.97987509717 0.0
2.62323189773 2.97965348471 0.0
2.61854663512 2.97942023852 0.0
2.61441649973 2.97918788188 0.0
2.61016049851 2.97891713383 0.0
2.60612042261 2.97861477719 0.0
2.60463372021 2.97848209253 0.0
2.6005573354 2.97810250253 0.0
2.59665604134 2.97768626314 0.0
2.59322910152 2.97725212459 0.0
2.58951844527 2.97669094059 0.0
2.58591067675 2.97603139437 0.0
2.58461850619 2.9757520172 0.0
2.58099978541 2.97493318429 0.0
2.57724226877 2.97396282363 0.0
2.57601538261 2.97360010205 0.0
2.57214144791 2.97241424254 0.0
2.56830553443 2.97111063192 0.0
2.56452097484 2.96966469224 0.0
2.56086318243 2.9681316032 0.0
2.55733406431 2.96651733665 0.0
2.55615258848 2.96592414932 0.0
2.55254987658 2.96407101688 0.0
2.54907771238 2.96215427926 0.0
2.54545272958 2.95998992436 0.0
2.54178202588 2.95765592907 0.0
2.53785898822 2.95500681707 0.0
2.53647196698 2.95401380739 0.0
2.53208807101 2.95083339425 0.0
2.52800318468 2.9477507381 0.0
2.52362376687 2.94428214266 0.0
2.51911424707 2.94056742443 0.0
2.5142146543 2.93638868906 0.0
2.51254942182 2.93492420101 0.0
2.50782887723 2.9307345785 0.0
2.50261860918 2.92600522249 0.0
2.50105736656 2.92455290221 0.0
2.49580011432 2.91962291605 0.0
2.49060174121 2.91463088423 0.0
2.48890129594 2.91295401743 0.0
2.48324162328 2.90733568101 0.0
2.4777647724 2.90177600034 0.0
2.47572179521 2.89965821756 0.0
2.46985322624 2.89352783044 0.0
2.46392259702 2.88722118072 0.0
2.46189507785 2.88503012552 0.0
2.45591753089 2.8785341445 0.0
2.45394436787 2.87635116777 0.0
2.44801353052 2.86975505075 0.0
2.44178571328 2.862738025 0.0
2.4396504097 2.86029974616 0.0
2.43343049733 2.85316218595 0.0
2.43131826848 2.85070389095 0.0
2.42402519069 2.84218287899 0.0
2.42171251095 2.83944716073 0.0
2.4142973306 2.83063823101 0.0
2.41167780664 2.82749194813 0.0
2.40404714237 2.8183072939 0.0
2.40147561154 2.81517666104 0.0
2.39348200472 2.80540690351 0.0
2.38556022808 2.7955788128 0.0
2.38274863321 2.79203908402 0.0
2.37427759557 2.78133979087 0.0
2.37130542176 2.77754651093 0.0
2.36269360908 2.76652389335 0.0
2.35973735056 2.76271819691 0.0
2.35074383447 2.75112800337 0.0
2.34191896265 2.73967694465 0.0
2.33285320074 2.7278194203 0.0
2.32987921253 2.72391974027 0.0
2.3207070467 2.71187519123 0.0
2.31139268965 2.69961731166 0.0
2.30819918034 2.69540238579 0.0
2.29867455134 2.68282226535 0.0
2.28901779613 2.67002126925 0.0
2.28583385839 2.66579910839 0.0
2.27594595745 2.65269170547 0.0
2.26603237364 2.63955025735 0.0
2.25596935182 2.62620102454 0.0
2.25258078325 2.62170587472 0.0
2.24227957396 2.60805554625 0.0
2.23141069807 2.59365821872 0.0
2.22789133231 2.58899464017 0.0
2.21710203579 2.57469753803 0.0
2.20604563505 2.56006774396 0.0
2.19540801184 2.54597674255 0.0
2.18433357801 2.53130712513 0.0
2.17328252105 2.51672676981 0.0
2.16212601647 2.50206584588 0.0
2.15094625156 2.48736903316 0.0
2.14706713651 2.48228249398 0.0
2.13529241044 2.46685948826 0.0
2.1234237979 2.45134721267 0.0
2.11108939147 2.43527850893 0.0
2.09860248903 2.41905808013 0.0
2.08582367654 2.4025242288 0.0
2.08166585481 2.39716785912 0.0
2.06860536098 2.38036673103 0.0
2.05543097623 2.36349214949 0.0
2.04210713229 2.34651793267 0.0
2.02889157031 2.32978412879 0.0
2.01537578214 2.31279854019 0.0
2.00196080514 2.29605989967 0.0
1.98828816774 2.2791454391 0.0
1.97477577193 2.26259530514 0.0
1.96111395751 2.24605751445 0.0
1.947107075 2.22925189703 0.0
1.94238430996 2.22363945817 0.0
1.92841254711 2.20708267739 0.0
1.91435716217 2.19059682583 0.0
1.90004466985 2.17405070549 0.0
1.88570473875 2.15764146286 0.0
1.87125371239 2.14127304145 0.0
1.86628225583 2.13570690722 0.0
1.851483966 2.11919076164 0.0
1.83688564272 2.10306844954 0.0
1.8220456604 2.08693574211 0.0
1.80743531843 2.07122964133 0.0
1.79242721157 2.05525321956 0.0
1.77766949416 2.03968551353 0.0
1.76264041508 2.02396397506 0.0
1.74729593024 2.00801312499 0.0
1.73200972356 1.99218379459 0.0
1.71631157933 1.97604103864 0.0
1.71089465257 1.97048234912 0.0
1.69503079563 1.95420332981 0.0
1.6786614851 1.93746417884 0.0
1.66232272371 1.92081449952 0.0
1.64578775818 1.90405873829 0.0
1.6291877176 1.88730735269 0.0
1.62361970647 1.88171792079 0.0
1.60690982086 1.86495545689 0.0
1.57891592935 1.83698110199 0.0
1.56225541927 1.82047111587 0.0
1.54533212297 1.80374164773 0.0
1.53968324345 1.79817304024 0.0
1.52245142526 1.78120979496 0.0
1.50515662315 1.76424980451 0.0
1.4993329841 1.7585548349 0.0
1.48192007627 1.74153259815 0.0
1.46443723587 1.72445989051 0.0
1.446725744 1.70719406538 0.0
1.44082107297 1.7014600388 0.0
1.42313465718 1.68429075565 0.0
1.40561405402 1.66731803858 0.0
1.39984580664 1.66174965211 0.0
1.38256883653 1.64507712694 0.0
1.36525826427 1.62837800905 0.0
1.35948613084 1.62281365093 0.0
1.34259388895 1.6065408392 0.0
1.32556163895 1.59016750689 0.0
1.31996526792 1.5847895188 0.0
1.30301672601 1.56851372275 0.0
1.28612121456 1.55230584825 0.0
1.28057521441 1.54699856279 0.0
1.26341342503 1.53057546279 0.0
1.25768351546 1.52509026767 0.0
1.24080466723 1.50892663913 0.0
1.22363428109 1.49251252727 0.0
1.21789863058 1.48703333551 0.0
1.20111780187 1.47101402915 0.0
1.19546995962 1.46562813807 0.0
1.17858534842 1.4495322737 0.0
1.17299179874 1.4442130497 0.0
1.1561746666 1.42823185903 0.0
1.1505146187 1.42285879635 0.0
1.13380453869 1.4070126045 0.0
1.12818506127 1.40172077914 0.0
1.1118153132 1.38632165782 0.0
1.09459559013 1.3701456049 0.0
1.08909398185 1.36497744358 0.0
1.07275960838 1.34966524847 0.0
1.05604484203 1.33407302171 0.0
1.03952153251 1.31871323997 0.0
1.03398576894 1.31358168011 0.0
1.01740171055 1.29822467366 0.0
1.0008482275 1.2829602542 0.0
0.995227322639 1.27779518719 0.0
0.9787963324 1.26271255904 0.0
0.962265563075 1.24761260071 0.0
0.95670794383 1.24256795429 0.0
0.940337909423 1.22773492258 0.0
0.923810195564 1.21282193292 0.0
0.918378924614 1.20795557222 0.0
0.90181549976 1.19314616121 0.0
0.896337967839 1.18826757293 0.0
0.879610962398 1.17338528934 0.0
0.873963697552 1.16837669824 0.0
0.857240066349 1.15355484159 0.0
0.840549378021 1.13882448147 0.0
0.823595845077 1.12394092097 0.0
0.806621547295 1.10908104657 0.0
0.789688191836 1.09430393378 0.0
0.784023565292 1.08937974905 0.0
0.767316819969 1.07486191542 0.0
0.75065427879 1.06042327841 0.0
0.734197471468 1.04620309969 0.0
0.717942088384 1.03220644956 0.0
0.701473044023 1.0180658227 0.0
0.69615797413 1.01351990299 0.0
0.680465013698 1.00011211102 0.0
0.664396264442 0.986422019348 0.0
0.659123351453 0.981958169001 0.0
0.643258019877 0.968555670112 0.0
0.627406606431 0.95520281148 0.0
0.611482946634 0.941869665522 0.0
0.595580736211 0.92864393672 0.0
0.579538433767 0.915386732162 0.0
0.574264277467 0.911057573646 0.0
0.558402032872 0.898051344526 0.0
0.54232355145 0.884905312515 0.0
0.526775535096 0.872188469159 0.0
0.511073116461 0.859391013518 0.0
0.495178358965 0.846492109406 0.0
0.49004349663 0.842329526323 0.0
0.474504199014 0.829737067503 0.0
0.458949528407 0.817163602909 0.0
0.443461700934 0.804711069912 0.0
0.427834356779 0.792159828956 0.0
0.411989781488 0.779470470217 0.0
0.406831029696 0.775337530697 0.0
0.391228195235 0.762823884292 0.0
0.375722995849 0.750392988513 0.0
0.370598243085 0.746285818618 0.0
0.35528839906 0.734020320687 0.0
0.34005151594 0.72180017132 0.0
0.324812500234 0.709582681476 0.0
0.309606757488 0.697391867375 0.0
0.294434287702 0.685227729016 0.0
0.289409367785 0.681200568924 0.0
0.274833772263 0.669519137664 0.0
0.260131240537 0.657723326823 0.0
0.246539754638 0.646791585404 0.0
0.233116308652 0.635991140859 0.0
0.220132105905 0.625529168138 0.0
0.216046412743 0.622239487606 0.0
0.203093596584 0.611806532382 0.0
0.190775280177 0.601877548828 0.0
0.17872089246 0.592164771085 0.0
0.166726179587 0.582513878805 0.0
0.16287138163 0.579413433806 0.0
0.151305364547 0.570114117319 0.0
0.140098655752 0.561116566309 0.0
0.12888409938 0.552128798422 0.0
0.125186670069 0.54917295076 0.0
0.114256361184 0.540444275966 0.0
0.103382109572 0.531782103736 0.0
0.0997093154098 0.528863769871 0.0
0.0889535737226 0.52032664126 0.0
0.078420001819 0.511989801912 0.0
0.0748675509149 0.509194298707 0.0
0.0645061347326 0.501052374787 0.0
0.0536402473317 0.492517108168 0.0
0.0433081153517 0.484406942296 0.0
0.0399503125259 0.481777871925 0.0
0.0298139066475 0.473832770907 0.0
0.0201606390802 0.466239126143 0.0
0.016972034582 0.463739839399 0.0
0.00723440638724 0.456115535324 0.0
-0.00189382268396 0.448958089466 0.0
-0.00494231126192 0.446556579824 0.0
-0.0135159203549 0.4397976914 0.0
-0.0218505032221 0.433217796092 0.0
-0.0246905382824 0.430965197463 0.0
-0.0320633716725 0.425094275394 0.0
-0.0393481102428 0.419249744683 0.0
-0.0415711462321 0.417454699188 0.0
-0.0477992373222 0.412405888739 0.0
-0.0499403277299 0.410645298968 0.0
-0.055759788868 0.40583786129 0.0
-0.0613821067429 0.401126861268 0.0
-0.0630683786754 0.39968664898 0.0
-0.0678886534094 0.395546409975 0.0
-0.0693965363723 0.394225893288 0.0
-0.0736132671632 0.390496556843 0.0
-0.0750870150913 0.389138049429 0.0
-0.0789557521957 0.385532917663 0.0
-0.0803733000457 0.384176858767 0.0
-0.0847038566017 0.380005101577 0.0
-0.0860646295493 0.378651907475 0.0
-0.090576859613 0.374117572438 0.0
-0.0922700242141 0.372373410328 0.0
-0.096860151039 0.367616873262 0.0
-0.0981068011762 0.366272026746 0.0
-0.101816367669 0.362209533065 0.0
-0.103172757614 0.360676413125 0.0
-0.107084338278 0.356222386723 0.0
-0.108326085248 0.354759204658 0.0
-0.112327455652 0.349988866502 0.0
-0.115854016847 0.345601141006 0.0
-0.117040615199 0.344038988009 0.0
-0.120543680598 0.339363152989 0.0
-0.123830989354 0.334793429799 0.0
-0.127173168298 0.329897650556 0.0
-0.128174062804 0.328361109341 0.0
-0.131260464534 0.323551698388 0.0
-0.134336324847 0.318534316396 0.0
-0.135340324093 0.316799536622 0.0
-0.138337937465 0.311537761248 0.0
-0.141155112813 0.306370696145 0.0
-0.142092385351 0.304550869059 0.0
-0.144792693105 0.299225968529 0.0
-0.147409027826 0.293859310327 0.0
-0.148236844267 0.292080811641 0.0
-0.149746401457 0.288785172581 0.0
-0.152065258253 0.283562222025 0.0
-0.15415071938 0.278656326968 0.0
-0.154782002056 0.277071594083 0.0
-0.156738264908 0.272066948238 0.0
-0.158147146417 0.268268437244 0.0
-0.158537085954 0.267139811415 0.0
-0.159780676059 0.26346367012 0.0
-0.160729683553 0.260409249001 0.0
-0.161685099416 0.256868320394 0.0
-0.162512130643 0.253470547911 0.0
-0.163189865807 0.250301099995 0.0
-0.163368299238 0.249293268601 0.0
-0.163878779932 0.2462654851 0.0
-0.164374812621 0.242890053853 0.0
-0.164736948137 0.2397980269 0.0
-0.165017481405 0.236654713267 0.0
-0.165235037814 0.233335443881 0.0
-0.165274894678 0.232227363312 0.0
-0.165362564159 0.228987449872 0.0
-0.165365653061 0.225447829554 0.0
-0.165260630536 0.221867101665 0.0
-0.165050486724 0.218120137979 0.0
-0.164733791189 0.214166720316 0.0
-0.164306560178 0.210095052919 0.0
-0.163811538612 0.206159984821 0.0
-0.1632245472 0.202194465628 0.0
-0.16255601663 0.198241875556 0.0
-0.161789225902 0.194263727136 0.0
-0.161495484478 0.192931042064 0.0
-0.160537554597 0.188731663911 0.0
-0.159417078558 0.1842642624 0.0
-0.158117859365 0.179579429337 0.0
-0.156720000662 0.174923076431 0.0
-0.15537138279 0.170742686511 0.0
-0.154822220637 0.169172769016 0.0
-0.153012638447 0.164113237746 0.0
-0.150260259987 0.156901694581 0.0
-0.148552237582 0.152901162233 0.0
-0.145407920089 0.145992002684 0.0
-0.143222387022 0.141697094648 0.0
-0.140805535641 0.137234670546 0.0
-0.139887260162 0.13564737131 0.0
-0.137204932379 0.131090045395 0.0
-0.134352521647 0.126485990147 0.0
-0.133344932264 0.124953830771 0.0
-0.130309076662 0.120417211197 0.0
-0.126947935501 0.115638337854 0.0
-0.125815061346 0.114089327382 0.0
-0.122453227037 0.109574148652 0.0
-0.119257929903 0.105468130508 0.0
-0.116066270376 0.101522536899 0.0
-0.114919267943 0.100146838566 0.0
-0.111819740052 0.0964568905062 0.0
-0.108488030407 0.0925724631307 0.0
-0.107339307852 0.0912542650742 0.0
-0.104243812362 0.0877294959786 0.0
-0.100881162492 0.0839857068619 0.0
-0.0997611670065 0.0827561418482 0.0
-0.0962133353296 0.0788924936999 0.0
-0.0924814667046 0.0749087149702 0.0
-0.0912168562472 0.0735807431672 0.0
-0.0873409683615 0.0695573182819 0.0
-0.0832350047584 0.0654008819218 0.0
-0.0818127666649 0.0639885384248 0.0
-0.0772883676283 0.0595268749584 0.0
-0.0757745944988 0.0580863355466 0.0
-0.0710857517347 0.0536724266086 0.0
-0.0662689813617 0.0492710265719 0.0
-0.0646050275207 0.0478050858912 0.0
-0.0594334153861 0.043288830366 0.0
-0.0577768629738 0.0418794922213 0.0
-0.0526606588521 0.0375605543892 0.0
-0.050884462324 0.0360948083007 0.0
-0.0459027015707 0.0320143796006 0.0
-0.0441734764747 0.0306260334507 0.0
-0.0392088758457 0.026660006708 0.0
-0.0375662541606 0.0253683190971 0.0
-0.032799477599 0.0216333750244 0.0
-0.0313491351542 0.020511209479 0.0
-0.0268885172336 0.0170773113071 0.0
-0.0254268897124 0.015969884692 0.0
-0.0211355004129 0.0127360909048 0.0
-0.0196644556196 0.0116412046391 0.0
-0.0152787151479 0.00839118665197 0.0
-0.0138638001334 0.00736394513887 0.0
-0.00947380628791 0.00419195432213 0.0
-0.00506232325143 0.00104991849742 0.0
-0.00359367926894 2.46159375756e-05 0.0
0.00106325149294 -0.00321324080935 0.0
0.00254272792832 -0.00422284962651 0.0
0.00699170277139 -0.00723616461578 0.0
0.0085925440733 -0.00829453336973 0.0
0.0131198354452 -0.0112672769744 0.0
0.0176092387914 -0.0141416833511 0.0
0.0222425079628 -0.0170278838268 0.0
0.0237399956914 -0.0179305133894 0.0
0.0282836868084 -0.0206358734155 0.0
0.0329357816774 -0.0233250103977 0.0
0.0344996068889 -0.0241982865249 0.0
0.039128713035 -0.026754744646 0.0
0.0437878331118 -0.0292560846763 0.0
0.0453400270288 -0.0300610093117 0.0
0.0495904810797 -0.0322398223014 0.0
0.0537177114636 -0.0342841099932 0.0
0.0575271191091 -0.0361043698344 0.0
0.0588448472965 -0.0367093428754 0.0
0.0624575508415 -0.0383458575803 0.0
0.0655436330135 -0.0396973421087 0.0
0.0682532917877 -0.040844734373 0.0
0.0705468154407 -0.0417709124727 0.0
0.0712246377556 -0.0420281223062 0.0
0.0733417420239 -0.042819675157 0.0
0.0754292806665 -0.0435679444136 0.0
0.0774492577471 -0.044250883138 0.0
0.0793601159491 -0.0448559420446 0.0
0.0814029102452 -0.0454672555253 0.0
0.0820188859905 -0.0456398186294 0.0
0.0839523947314 -0.0461680414017 0.0
0.0857707618534 -0.0466311993992 0.0
0.0874725636289 -0.0470325475543 0.0
0.0890549442941 -0.0473821940763 0.0
0.0904748861388 -0.0476757330234 0.0
0.0908939039617 -0.0477550587598 0.0
0.0924455358018 -0.0480417964646 0.0
0.0939164113273 -0.0482955964159 0.0
0.0944639994635 -0.0483822278895 0.0
0.0958970895568 -0.0486028015514 0.0
0.0970795869859 -0.0487687802711 0.0
0.0980528398382 -0.0488906953823 0.0
0.0989851509042 -0.0489957651517 0.0
0.0998762742259 -0.0490848681666 0.0
0.100173660568 -0.0491108861001 0.0
0.101278552798 -0.0492038606957 0.0
0.102256701931 -0.0492767213968 0.0
0.103235720981 -0.0493367722792 0.0
0.104172699071 -0.0493848933776 0.0
0.105237976278 -0.049428051787 0.0
0.105621627653 -0.0494392372408 0.0
0.106559531853 -0.0494633057111 0.0
0.107710851304 -0.0494801861452 0.0
0.108691704926 -0.049483438791 0.0
0.109672544581 -0.0494772759125 0.0
0.110610625861 -0.0494615567388 0.0
0.111719043052 -0.0494325318132 0.0
0.112614127921 -0.0494031515737 0.0
0.113466262778 -0.0493665425807 0.0
0.114360674883 -0.0493210771118 0.0
0.115169606138 -0.0492744344291 0.0
0.115510040124 -0.0492520615339 0.0
0.116190812888 -0.0492058898362 0.0
0.116913792682 -0.0491520362745 0.0
0.117551386852 -0.0491002886342 0.0
0.118188739634 -0.049045648226 0.0
0.118656010729 -0.0490041919917 0.0
0.118783387354 -0.0489922186424 0.0
0.118783387354 -0.0489922186424 0.0
0.118910717066 -0.0489797562915 0.0
0.118995604989 -0.0489714628732 0.0
0.119165386616 -0.0489549353004 0.0
0.11925027887 -0.0489466863305 0.0
0.11920782916 -0.0489507737727 0.0
0.119165378025 -0.0489548463969 0.0
0.11925028596 -0.0489467604234 0.0
0.11925028596 -0.0489467604234 0.0
0.11925028596 -0.0489467604234 0.0
0.119292753781 -0.0489428656533 0.0
0.119250282577 -0.0489467233618 0.0
0.119335250103 -0.0489392896664 0.0
0.119335250103 -0.0489392896664 0.0
0.119292745638 -0.0489427617649 0.0
0.119122673393 -0.0489559675532 0.0
0.119080139705 -0.0489590611792 0.0
0.119037602802 -0.0489621102624 0.0
0.118909963983 -0.0489708565665 0.0
0.118909963983 -0.0489708565665 0.0
0.118909963983 -0.0489708565665 0.0
0.118995132065 -0.0489662589362 0.0
0.119080332942 -0.0489623154789 0.0
0.119293400228 -0.0489539812869 0.0
0.119336024995 -0.0489526343028 0.0
0.119421289393 -0.0489504611415 0.0
0.119591842702 -0.0489472161287 0.0
0.119677125842 -0.0489459806108 0.0
0.119847695012 -0.048943717963 0.0
0.120018270144 -0.0489419614133 0.0
0.120146204674 -0.0489410012574 0.0
0.120402078503 -0.0489398847901 0.0
0.120615307993 -0.0489393265553 0.0
0.120743246118 -0.0489392818965 0.0
0.120999122379 -0.0489393265553 0.0
0.121468227836 -0.0489403090489 0.0
0.121681454302 -0.0489415743751 0.0
0.121894677349 -0.0489433234931 0.0
0.121937321055 -0.0489437700733 0.0
0.122065251454 -0.0489451767982 0.0
0.122150536993 -0.0489462336968 0.0
0.122193179384 -0.0489467919163 0.0
0.12227846377 -0.0489479381252 0.0
0.122491675233 -0.048950766435 0.0
0.122534317426 -0.0489513395394 0.0
0.122747527888 -0.0489542422739 0.0
0.123046021098 -0.0489584102962 0.0
0.1232592273 -0.0489616107258 0.0
0.123387150684 -0.0489635533103 0.0
0.123515073726 -0.0489655182217 0.0
0.123770915556 -0.0489697159637 0.0
0.123813556103 -0.0489704007031 0.0
0.124069397933 -0.0489745984451 0.0
0.124112037611 -0.0489753352791 0.0
0.124239956646 -0.0489775457814 0.0
0.124495794715 -0.0489819667859 0.0
0.124581074327 -0.0489834255699 0.0
0.124581074327 -0.0489834255699 0.0
0.124581074327 -0.0489834255699 0.0
0.124581074327 -0.0489834255699 0.0
0.124581074327 -0.0489834255699 0.0
0.124581074327 -0.0489834255699 0.0
0.124581074327 -0.0489834255699 0.0
0.124581074327 -0.0489834255699 0.0
0.124581074327 -0.0489834255699 0.0
0.124581074327 -0.0489834255699 0.0
0.124581074327 -0.0489834255699 0.0
0.124581074327 -0.0489834255699 0.0
0.124581074327 -0.0489834255699 0.0
0.124581074327 -0.0489834255699 0.0
0.124581074327 -0.0489834255699 0.0
0.124581074327 -0.0489834255699 0.0
0.124581074327 -0.0489834255699 0.0
0.124581074327 -0.0489834255699 0.0
0.124581074327 -0.0489834255699 0.0
0.124581074327 -0.0489834255699 0.0
0.124581074327 -0.0489834255699 0.0
0.124581074327 -0.0489834255699 0.0
0.124581074327 -0.0489834255699 0.0
0.124581074327 -0.0489834255699 0.0
0.124581074327 -0.0489834255699 0.0
0.124581074327 -0.0489834255699 0.0
0.124581074327 -0.0489834255699 0.0
0.124581074327 -0.0489834255699 0.0
0.124581074327 -0.0489834255699 0.0
0.124581074327 -0.0489834255699 0.0
0.124581074327 -0.0489834255699 0.0
0.124581074327 -0.0489834255699 0.0
0.124581074327 -0.0489834255699 0.0
0.124581074327 -0.0489834255699 0.0
0.124581074327 -0.0489834255699 0.0
0.124581074327 -0.0489834255699 0.0
0.124581074327 -0.0489834255699 0.0
0.124581074327 -0.0489834255699 0.0
0.124581074327 -0.0489834255699 0.0
0.124581074327 -0.0489834255699 0.0
0.124581074327 -0.0489834255699 0.0
0.124581074327 -0.0489834255699 0.0
0.124581074327 -0.0489834255699 0.0
0.124581074327 -0.0489834255699 0.0
0.124581074327 -0.0489834255699 0.0
0.124581074327 -0.0489834255699 0.0
0.124581074327 -0.0489834255699 0.0
0.124581074327 -0.0489834255699 0.0
0.124581074327 -0.0489834255699 0.0
0.124581074327 -0.0489834255699 0.0
0.124581074327 -0.0489834255699 0.0
0.124581074327 -0.0489834255699 0.0
0.124581074327 -0.0489834255699 0.0
0.124581074327 -0.0489834255699 0.0
0.124581074327 -0.0489834255699 0.0
0.124581074327 -0.0489834255699 0.0
0.124581074327 -0.0489834255699 0.0
0.124581074327 -0.0489834255699 0.0
0.124581074327 -0.0489834255699 0.0
0.124581074327 -0.0489834255699 0.0
0.124581074327 -0.0489834255699 0.0
0.124581074327 -0.0489834255699 0.0
0.124581074327 -0.0489834255699 0.0
0.124581074327 -0.0489834255699 0.0
0.124581074327 -0.0489834255699 0.0
0.124581074327 -0.0489834255699 0.0
0.124581074327 -0.0489834255699 0.0
0.124581074327 -0.0489834255699 0.0
0.124581074327 -0.0489834255699 0.0
0.124581074327 -0.0489834255699 0.0
0.124581074327 -0.0489834255699 0.0
0.124581074327 -0.0489834255699 0.0
0.124581074327 -0.0489834255699 0.0
0.124581074327 -0.0489834255699 0.0
0.124581074327 -0.0489834255699 0.0
0.124581074327 -0.0489834255699 0.0
0.124581074327 -0.0489834255699 0.0
0.12462371426 -0.0489841475199 0.0
0.12462371426 -0.0489841475199 0.0
0.12462371426 -0.0489841475199 0.0
0.12462371426 -0.0489841475199 0.0
0.12462371426 -0.0489841475199 0.0
0.12462371426 -0.0489841475199 0.0
0.12462371426 -0.0489841475199 0.0
0.12462371426 -0.0489841475199 0.0
0.12462371426 -0.0489841475199 0.0
0.124410513969 -0.0489805749804 0.0
0.124026766499 -0.0489734076544 0.0
0.12377094088 -0.0489683168833 0.0
0.12377094088 -0.0489683168833 0.0
0.12377094088 -0.0489683168833 0.0
0.12377094088 -0.0489683168833 0.0
0.12377094088 -0.0489683168833 0.0
0.12377094088 -0.0489683168833 0.0
0.12377094088 -0.0489683168833 0.0
0.12372830313 -0.0489674758631 0.0
0.12372830313 -0.0489674758631 0.0
0.12372830313 -0.0489674758631 0.0
0.12372830313 -0.0489674758631 0.0
0.12372830313 -0.0489674758631 0.0
0.12372830313 -0.0489674758631 0.0
0.12372830313 -0.0489674758631 0.0
0.12372830313 -0.0489674758631 0.0
0.12372830313 -0.0489674758631 0.0
0.12372830313 -0.0489674758631 0.0
0.12372830313 -0.0489674758631 0.0
0.12372830313 -0.0489674758631 0.0
0.12372830313 -0.0489674758631 0.0
0.12372830313 -0.0489674758631 0.0
0.12372830313 -0.0489674758631 0.0
0.12377094013 -0.0489683540914 0.0
0.12377094013 -0.0489683540914 0.0
0.12377094013 -0.0489683540914 0.0
0.12377094013 -0.0489683540914 0.0
0.12377094013 -0.0489683540914 0.0
0.12377094013 -0.0489683540914 0.0
0.12377094013 -0.0489683540914 0.0
0.12377094013 -0.0489683540914 0.0
0.12377094013 -0.0489683540914 0.0
0.12377094013 -0.0489683540914 0.0
0.12377094013 -0.0489683540914 0.0
0.12377094013 -0.0489683540914 0.0
0.12377094013 -0.0489683540914 0.0
0.12377094013 -0.0489683540914 0.0
0.12377094013 -0.0489683540914 0.0
0.12377094013 -0.0489683540914 0.0
0.12377094013 -0.0489683540914 0.0
0.12377094013 -0.0489683540914 0.0
0.12377094013 -0.0489683540914 0.0
0.12377094013 -0.0489683540914 0.0
0.12377094013 -0.0489683540914 0.0
0.12377094013 -0.0489683540914 0.0
0.12377094013 -0.0489683540914 0.0
0.12377094013 -0.0489683540914 0.0
0.12377094013 -0.0489683540914 0.0
0.12377094013 -0.0489683540914 0.0
0.12377094013 -0.0489683540914 0.0
0.12377094013 -0.0489683540914 0.0
0.12377094013 -0.0489683540914 0.0
0.12377094013 -0.0489683540914 0.0
0.12377094013 -0.0489683540914 0.0
0.12377094013 -0.0489683540914 0.0
0.12377094013 -0.0489683540914 0.0
0.12377094013 -0.0489683540914 0.0
0.12377094013 -0.0489683540914 0.0
0.12377094013 -0.0489683540914 0.0
0.12377094013 -0.0489683540914 0.0
0.12377094013 -0.0489683540914 0.0
0.12377094013 -0.0489683540914 0.0
0.12377094013 -0.0489683540914 0.0
0.12377094013 -0.0489683540914 0.0
0.12377094013 -0.0489683540914 0.0
0.12377094013 -0.0489683540914 0.0
0.12377094013 -0.0489683540914 0.0
0.12377094013 -0.0489683540914 0.0
0.12377094013 -0.0489683540914 0.0
0.12377094013 -0.0489683540914 0.0
0.12377094013 -0.0489683540914 0.0
0.12377094013 -0.0489683540914 0.0
0.12377094013 -0.0489683540914 0.0
0.12377094013 -0.0489683540914 0.0
0.12377094013 -0.0489683540914 0.0
0.12377094013 -0.0489683540914 0.0
0.12377094013 -0.0489683540914 0.0
0.12377094013 -0.0489683540914 0.0
0.12377094013 -0.0489683540914 0.0
0.12377094013 -0.0489683540914 0.0
0.12377094013 -0.0489683540914 0.0
0.12377094013 -0.0489683540914 0.0
0.12377094013 -0.0489683540914 0.0
0.12377094013 -0.0489683540914 0.0
