-0.00884124683955 -0.0293090860911
-0.00957968831062 -0.180158708178
-0.0146825171652 -0.272347952819
-0.0120317202712 -0.300956405374
-0.0131451376984 -0.320003072055
-0.016515601892 -0.325041694356
-0.0156948909921 -0.271394097215
-0.00910935318097 -0.230176534737
-0.00194027664056 -0.199982551628
0.0132143118552 -0.114405989434
0.0215833576189 -0.16234419275
0.0356197441128 -0.165313967097
0.0559870376215 -0.184896177491
0.0729737093574 -0.125012668058
0.0830897734715 -0.080684941668
0.0902535470439 -0.00102115482826
0.0977286006723 0.0308458124836
0.110985747405 0.0295515741014
0.129235325491 0.0146873811096
0.140984879299 0.0185863262494
0.157308854601 0.0168590181617
0.173772756801 0.0232276972948
0.189029880424 0.0418499010274
0.202104507098 0.0380253262367
0.211415416461 0.0351266648047
0.221076953411 0.020843672953
0.229615419645 0.0154633672192
0.242661576088 0.000575070341046
0.254953882327 -0.0111284386796
0.2614394327 -0.0112246053124
0.27043080605 0.0177955076098
0.277895560015 0.0545044798389
0.282796915621 0.0910911834508
0.289787919232 0.125169828788
0.293031291105 0.164484191213
0.298227316502 0.156420601976
0.301415427832 0.142659782884
0.302303070372 0.132004953117
0.308630810334 0.109556048478
0.313107730792 0.0931118833618
0.321545491616 0.0850276279856
0.334636404659 0.0389311572988
0.345892346822 0.0169257958921
0.35650728319 -0.0281112019809
0.366485754081 -0.0394583418654
0.371454583876 -0.0141361081535
0.378742464564 0.0163007177074
0.38018185984 0.0465085372526
0.378076963241 0.0508268439999
0.37729854904 0.0421172692232
0.37733827619 0.0284860575681
0.383590952013 0.022143958588
0.390940342376 0.00885893966057
0.397138502048 -0.0121759246605
0.400867689182 -0.0295411726076
0.40921542186 -0.0260827643859
0.411750037881 -0.0348610289541
0.412521776082 -0.0228364990511
0.40595656547 0.00897588923681
0.404376855795 0.0285747841513
0.405000040025 0.0629415849085
0.404971054499 0.063981110743
0.404681857788 0.0751784935198
0.399641834978 0.0551435806834
0.395861579822 0.0522927302581
0.389852984863 0.0224814591381
0.384343326981 0.0111332556316
0.382000043988 -0.00912636740352
0.381925417416 -0.0127310059103
0.382156291977 -0.00600795968057
0.385925416626 -0.0264097742003
0.391367691405 -0.0398321315866
0.396942074748 -0.0441772252531
0.397686609581 -0.0305983631606
0.39606353404 -0.000221893679173
0.395176514107 -0.00456122462364
0.394478303799 0.0190559840775
0.394287922166 0.0600060505619
0.394703166559 0.10253549699
0.392772771192 0.112903451491
0.389191220788 0.0959990766338
0.392485338975 0.0513828714821
0.395426512641 0.0227995422011
0.39661769043 -0.00403189776904
0.399617688621 -0.0266042333918
0.400880639233 -0.0384173708157
0.39743482721 -0.0563345408013
0.391333375288 -0.0429963586815
0.383264748489 -0.014038348954
0.377385755096 0.0129260438627
0.36972062465 0.0721636145266
0.360776152184 0.107517628222
0.358102979029 0.122979099849
0.359279447619 0.138024024151
0.361911805237 0.122089084185
0.362985332223 0.101189135245
0.367000038054 0.0763126542764
0.37168119783 0.0189574727168
0.373913082524 -0.0165039443451
0.373157181059 -0.0527485985484
0.371588272207 -0.0526308661108
0.368984886191 -0.0346120108394
0.367420323517 -0.0293813471723
0.368238845868 0.0226259647187
0.366772763657 0.105211156787
0.366123111431 0.122185332013
0.361818220579 0.136918174752
0.357793685936 0.143448706391
0.344753885269 0.103413010274
0.337584654184 0.0826900898551
0.332569266283 0.0737613355374
0.327757621353 0.0525590102343
0.322476961063 0.0443359772061
0.318784655057 0.0464121925004
0.312484892932 0.0821427773741
0.303338503838 0.149529308126
0.29636927568 0.195533198835
0.27937503811 0.261382870041
0.26925761501 0.278552408302
0.256772766511 0.301972371284
0.24276123207 0.356922021108
0.229264742311 0.367331964457
0.22042650335 0.374202229685
0.206522418492 0.36182881736
0.198343310783 0.342036514029
0.190985109379 0.309952953262
0.18727276271 0.301714303591
0.185417941257 0.30233726323
0.182378814076 0.302675721713
0.180611976937 0.301984291105
0.175184651522 0.324023617252
0.176073559067 0.339522924411
0.175927571628 0.32608972834
0.172388095464 0.314710334846
0.169130470442 0.300418192006
0.161522421374 0.299910115078
0.151637713978 0.276824169725
0.14535717283 0.242739587217
0.135057997876 0.198517576832
0.125257171052 0.160576758989
0.117753651695 0.134841412356
0.11176814722 0.116401100228
0.109376843425 0.0984250043883
0.105565246465 0.105624446267
0.101371455193 0.101050653235
0.0906232128973 0.118770196732
0.0855915781478 0.12523867372
0.0861449543981 0.155193697611
0.0951714592321 0.167987790438
0.0994927865871 0.183102589425
0.105791070568 0.200291382677
0.111073554439 0.200967880952
0.116115967433 0.18881974623
0.123235322973 0.176403459874
0.134362349476 0.149161047473
0.146029019701 0.138708015001
0.151191210922 0.139363569166
0.151220622308 0.145951997462
0.150397094734 0.155317778258
0.148926506148 0.180821452043
0.147250030847 0.194230162237
0.143119432143 0.212635524015
0.139191205011 0.224780925967
0.137313462015 0.231870539285
0.136030334415 0.215092972881
0.137289885162 0.16187667736
0.137132382568 0.145222331473
0.137382384609 0.124550300212
0.140358239857 0.119473775293
0.147434814253 0.104949561987
0.154521771099 0.092702039342
0.160820926303 0.0868670367219
0.162313466641 0.0680325971069
0.159212152163 0.0614233667055
0.155686599105 0.0669507507614
0.153191207086 0.0790773742449
0.145471457924 0.120196992558
0.140191203531 0.173468255794
0.144485744408 0.188092205141
0.149565248386 0.200305661942
0.159176502158 0.184837719042
0.174666698428 0.156090445398
0.191537348192 0.131016442302
0.207671675219 0.0982843940494
0.214246184092 0.0782070982198
0.217088268084 0.0544365384121
0.219276953661 0.0456688042524
0.220911797355 0.0573051704508
0.221014738959 0.0876165068818
0.218030805771 0.127322350528
0.215626899876 0.132301684671
0.209205917576 0.162839891444
0.205617676763 0.197980798726
0.198029441869 0.183128532543
0.188575788881 0.150325037746
0.180594236954 0.0979863031619
0.175246185523 0.0714678111128
0.164000035196 0.0278963830484
0.160417943748 0.00402175551697
0.160253766757 0.0125933195006
0.170447795249 -0.0156917299527
0.175235325799 -0.0209794990784
0.207772758874 -0.0386264499433
0.23532311733 -0.0288564614114
0.242636403351 -0.0184358555491
0.250815423635 0.0153287778967
0.257323118357 0.0495766940643
0.261538501886 0.114253501222
0.264030804084 0.147719735919
0.264328162186 0.179344786069
0.263045490691 0.16409904713
0.263061578457 0.132793044729
0.266861572632 0.0860530590782
0.269716452307 0.0454876390494
0.273353882019 0.0339921184744
0.279707729816 0.00514284959779
0.288537353722 -0.0171934946452
0.294184658161 -0.026173120284
0.297030343251 -0.0265757397001
0.296584657522 -0.00237784143537
0.295261581127 0.0159206919659
0.298646194201 0.0281578520886
0.299061580805 0.0495340277772
0.300230811192 0.0477946289242
0.29978465392 0.0467498912619
0.298606096795 0.0236379658578
0.296636405316 0.00819702500082
0.295031301677 0.0131644853682
0.294222267847 0.0162411689285
0.291968290768 0.0170998663183
0.290015192646 0.0144117888289
0.288815423158 0.00947912272352
0.284828167409 0.0271423853846
0.278044810936 0.0526791095239
0.274208988716 0.0738421875402
0.272718787193 0.102815916864
0.270000036919 0.13639033299
0.267090948242 0.162483780287
0.261692343308 0.231598834337
0.254909132466 0.2447811271
0.242954584685 0.277402592343
0.23212311543 0.283340956443
0.221545485836 0.270505308823
0.215272764365 0.241619339624
0.212384647589 0.206279690936
0.207446184525 0.173753416963
0.197507494421 0.165605328519
0.186637709106 0.183029496394
0.173119438228 0.233194971007
0.163208991734 0.296391531401
0.154268686451 0.350085186397
0.148134361452 0.399813045428
0.145608727483 0.396252567785
0.144268689761 0.404760692324
0.147132385303 0.387277239386
0.151086988656 0.358854462055
0.157289889412 0.327775940623
0.168176505496 0.303193162834
0.179910482755 0.269594842679
0.188701523774 0.228504125816
0.192492567781 0.204244630661
0.193044805705 0.189907855007
0.189439427672 0.198849713656
0.190850778302 0.180231449931
0.192121242032 0.162787430645
0.193746297217 0.150752954389
0.193181853403 0.145197306035
0.188432867847 0.116566658131
0.18413435879 0.104337554175
0.188753656719 0.105612578383
0.197567198704 0.125943345949
0.213712155819 0.130882774734
0.22083826889 0.114854187212
0.225720623837 0.108225145377
0.226313467346 0.115180932097
0.227164214227 0.155786475301
0.232712156845 0.215443902197
0.240393977274 0.237878427116
0.244776155522 0.218909181543
0.249909126397 0.189424789567
0.253092347659 0.148685331112
0.252212157755 0.11237020768
0.244500034686 0.0679876472577
0.232397095245 0.0291794073111
0.218820929527 0.0210623574624
0.213865700053 0.0308704751252
0.210764736814 0.0465089943134
0.209746300285 0.05559240247
0.211347858975 0.0487518243574
0.218926506007 0.0393182512879
0.220656750807 0.026005154837
0.218328392328 0.0160855032059
0.217939429211 0.0134265359886
0.217761224775 0.0343899396596
0.215536266133 0.0533717216268
0.206507493311 0.0945700705955
0.194323558141 0.127989062816
0.191970182889 0.121806850226
0.189779442899 0.0991187900414
0.188691207591 0.0963228223845
0.187701523304 0.102413605176
0.178565248199 0.102737734904
0.168289886869 0.141230841998
0.154352145296 0.197610170865
0.141750028028 0.278305455917
0.136159446792 0.302721608923
0.126308851382 0.372700216577
0.125671673177 0.400245559082
0.127029442612 0.408571679036
0.130352972185 0.410333882469
0.133098619924 0.364291215735
0.133941204232 0.332558122327
0.134323556634 0.307325199146
0.134791071735 0.282871149147
0.134514730643 0.277597969288
0.131414314679 0.272797732681
0.126028602464 0.281034147018
0.121591579746 0.295395198891
0.11987674073 0.316827721562
0.123797131621 0.368510011206
0.13100002769 0.364156240571
0.132485323093 0.390764755646
0.134901437961 0.372192765363
0.137173945489 0.386367952154
0.141070451535 0.378935769751
0.143500029213 0.363011951775
0.147000031339 0.344371088845
0.153935098029 0.292658810129
0.161710558753 0.262641777542
0.167866701285 0.23934184046
0.174671085257 0.21333317083
0.187802846163 0.199387631307
0.194159450738 0.195353585025
0.204000032123 0.192189533987
0.215550760428 0.189234630549
0.227250031689 0.193816653398
0.237149291964 0.210936596236
0.247970189621 0.223940061753
0.258606099721 0.220079402899
0.267626905619 0.196730055916
0.278343320783 0.182070656357
0.290617685984 0.139580212093
0.309424282927 0.114315245061
0.330076960417 0.0952349039668
0.350292347028 0.0950420575458
0.358484885909 0.0922875743091
0.364138502341 0.111809928263
0.369223918488 0.0944276386746
0.371955263971 0.0935910378805
0.376646195008 0.112008372637
0.381710185521 0.0974065383653
0.388803073854 0.110470355742
0.393909132842 0.112999369235
0.400823568597 0.0809429278905
0.41042861087 0.0224495801655
0.417128613165 -0.0311145119207
0.428385759251 -0.0903037915784
0.435085756438 -0.125719972024
0.437414332799 -0.134030463756
0.438485341037 -0.12470210513
0.43528173591 -0.0959415286513
0.430242902892 -0.0629428973954
0.42747146913 -0.0418503680391
0.427014742704 -0.0234872515841
0.424985115208 -0.0125671458729
0.423385753802 -0.0289662486034
0.418161805938 -0.0391842252421
0.419441217885 -0.0392418603245
0.425633843516 -0.0608586114343
0.430898591228 -0.0602019002882
0.43300004168 -0.0566893839458
0.431880636002 -0.0594785194327
0.431153888886 -0.040970898211
0.432447802665 -0.036440568434
0.438420334588 -0.0322174094634
0.447690185527 -0.0415214787194
0.456550770912 -0.0230383881186
0.463985121072 -0.00903841460457
0.468942074672 -0.0229568912368
0.474544160506 -0.0319927749066
0.477910492847 -0.0311474218116
0.484681208928 -0.0435059534456
0.490597060367 -0.0379616781894
0.495376856431 -0.0268592976487
0.500714329311 -0.0269902649452
0.509338277228 -0.0221673306703
0.516044161776 -0.0266793957806
0.523710186931 -0.0300006448343
0.532214335033 -0.0430932146626
0.536442909922 -0.047982615701
0.531637730806 -0.0376938357
0.52328989644 -0.027847774671
0.517071478707 -0.0265205825284
0.513739172963 -0.025761166304
0.507913087589 -0.0417008354625
0.500840620718 -0.0683966697636
0.492757189274 -0.0897600593129
0.485928613799 -0.107324184795
0.482176514233 -0.103816849233
0.479602987275 -0.109254794285
0.478347869887 -0.100542996283
0.478441221749 -0.0801147790039
0.476188454075 -0.0483617722238
0.46778575778 -0.0213329811664
0.455785756452 0.0164564223166
0.443943707876 0.0215694313024
0.436042899745 0.000351293837386
0.429457185098 -0.0376061952282
0.416642896618 -0.0569521168097
0.401000043049 -0.0657732196097
0.385791089997 -0.0672544947923
0.370569273142 -0.0424313348548
0.360600036841 -0.0278683868429
0.345735328162 -0.00347761711686
0.328015422821 0.0894443655758
0.314910488342 0.129686129602
0.301287919283 0.165556179799
0.289731385103 0.144988193012
0.280119440449 0.136415248258
0.266136402434 0.120742848345
0.255835857854 0.104182894626
0.230353883597 0.1546793899
0.20649256902 0.231564828593
0.189528603213 0.296259560828
0.156861141324 0.421858436221
0.149197216605 0.446809043137
0.132589069948 0.485484075363
0.124253550885 0.511564842622
0.115083362493 0.498558000144
0.108375029431 0.485981308131
0.106597249707 0.496747338627
0.107090940723 0.415027433547
0.104600032965 0.359323648245
0.10009461883 0.312695757952
0.0942603006755 0.303122291954
0.0555890700588 0.257411467662
0.0484583559963 0.23510486196
0.0378378661903 0.161839936753
0.0302666958173 0.104459318295
0.0191304588663 0.0419552947894
0.00473848214516 -0.00619706042993
-0.0106363399462 -0.0265452881767
-0.0263999766774 -0.0564907518836
-0.0379999786615 -0.0740140150418
-0.0381701924699 -0.0688777327181
-0.0373653620481 -0.0482561900146
-0.037592569987 -0.0316481090954
0.101197209996 0.620778555601
0.146160028776 0.559490410487
0.192839534194 0.514313258507
0.233101298537 0.510037488575
0.461283995046 -0.940075007486
0.461481527782 -0.949831872811
0.46485189744 -0.974017249949
0.188217979975 0.82701624204
0.186938306432 0.815777060426
